#sp   rion       Nb        pii      Viw
0 3.700003 1.142410 0.01487010 -185.577
1 3.663544 1.017127 0.01224276 -184.184
2 4.043292 1.039547 0.01889352 -216.608
3 4.043318 1.039540 0.01889359 -216.582
4 4.043303 1.039544 0.01889357 -216.595
5 4.043315 1.039543 0.01889351 -216.594
6 4.043308 1.039544 0.01889360 -216.591
7 4.043315 1.039541 0.01889366 -216.594
8 3.992400 1.010004 0.01727370 -209.946
9 3.992386 1.010005 0.01727369 -209.957
10 3.992386 1.010009 0.01727364 -209.942
11 3.992379 1.010008 0.01727351 -209.941
12 3.992395 1.010006 0.01727354 -209.942
13 4.110185 1.017752 0.01917167 -206.802
14 3.886707 1.072333 0.01813285 -205.346
15 3.886710 1.072323 0.01813305 -205.346
16 4.236619 1.015301 0.02105276 -213.144
17 4.236625 1.015313 0.02105289 -213.146
18 4.236628 1.015312 0.02105297 -213.145
19 4.236632 1.015312 0.02105300 -213.146
20 4.293450 1.013967 0.02257286 -219.346
21 4.236638 1.015312 0.02105298 -213.146
22 4.293467 1.013966 0.02257289 -219.348
23 4.293444 1.013967 0.02257287 -219.347
24 4.293463 1.013975 0.02257269 -219.345
25 4.421554 1.012195 0.02499183 -226.926
26 4.421573 1.012193 0.02499166 -226.911
27 4.293466 1.013974 0.02257263 -219.343
28 4.293468 1.013973 0.02257271 -219.344
29 4.247247 1.010286 0.02111514 -214.919
30 4.055127 1.006384 0.01999651 -216.748
31 4.247253 1.010288 0.02111568 -214.912
32 4.467357 0.991587 0.02199703 -220.052
33 4.467362 0.991588 0.02199721 -220.048
34 4.467361 0.991589 0.02199725 -220.046
35 4.582294 0.993181 0.02154913 -210.564
36 4.467353 0.991590 0.02199721 -220.047
37 4.467354 0.991589 0.02199718 -220.048
38 4.582283 0.993183 0.02154919 -210.564
39 4.828469 0.950220 0.02247576 -214.379
40 4.828480 0.950220 0.02247588 -214.387
41 4.828459 0.950219 0.02247569 -214.387
42 4.582303 0.993178 0.02154895 -210.574
43 4.828466 0.950220 0.02247582 -214.385
44 4.828462 0.950221 0.02247577 -214.379
45 4.582294 0.993180 0.02154899 -210.571
46 4.828471 0.950222 0.02247577 -214.390
47 4.711791 0.820440 0.02109372 -211.311
48 4.828475 0.950210 0.02247601 -214.381
49 4.711790 0.820429 0.02109357 -211.312
50 4.711792 0.820430 0.02109364 -211.310
51 4.711775 0.820442 0.02109363 -211.310
52 4.711778 0.820444 0.02109383 -211.310
53 4.711804 0.820439 0.02109387 -211.310
54 5.010507 0.900158 0.02291442 -231.999
55 5.010497 0.900168 0.02291446 -232.001
56 4.711797 0.820434 0.02109386 -211.310
57 5.010484 0.900167 0.02291439 -232.000
58 5.010488 0.900167 0.02291448 -232.001
59 5.010505 0.900149 0.02291454 -232.000
60 5.010487 0.900176 0.02291442 -232.002
61 4.766212 0.942391 0.02137762 -221.009
62 4.766204 0.942396 0.02137755 -221.012
63 5.010505 0.900164 0.02291454 -232.000
64 4.843845 0.702922 0.02168016 -223.980
65 4.843856 0.702916 0.02168026 -223.981
66 4.843849 0.702926 0.02168028 -223.971
67 4.843872 0.702923 0.02168030 -223.979
68 4.614023 0.701018 0.02231724 -216.100
69 4.614030 0.701009 0.02231719 -216.102
70 4.614033 0.701017 0.02231723 -216.099
71 4.614031 0.701001 0.02231721 -216.101
72 4.843864 0.702969 0.02168021 -223.981
73 4.843854 0.702974 0.02168018 -223.984
74 4.614026 0.701015 0.02231723 -216.100
75 4.614025 0.701000 0.02231709 -216.100
76 4.843859 0.702963 0.02168011 -223.984
77 4.843842 0.702996 0.02168011 -223.981
78 4.843858 0.702971 0.02168016 -223.980
79 4.614032 0.701002 0.02231711 -216.100
80 4.843861 0.702977 0.02168013 -223.979
81 4.843864 0.702964 0.02168012 -223.981
82 4.843848 0.702977 0.02168014 -223.981
83 4.817977 0.776345 0.02388648 -219.599
84 4.817989 0.776323 0.02388659 -219.596
85 4.843859 0.702964 0.02168020 -223.982
86 4.843871 0.702978 0.02168035 -223.981
87 4.817985 0.776343 0.02388654 -219.599
88 4.817978 0.776338 0.02388653 -219.598
89 4.843855 0.702989 0.02168026 -223.982
90 4.817984 0.776350 0.02388661 -219.599
91 4.817988 0.776339 0.02388621 -219.599
92 4.817990 0.776335 0.02388621 -219.604
93 4.962477 0.625815 0.02287205 -230.536
94 4.962494 0.625821 0.02287216 -230.537
95 4.962479 0.625832 0.02287196 -230.538
96 4.817986 0.776336 0.02388625 -219.600
97 4.817979 0.776335 0.02388616 -219.603
98 4.817978 0.776339 0.02388628 -219.599
99 4.817995 0.776344 0.02388627 -219.603
100 5.049750 0.731804 0.02371249 -233.495
101 4.818001 0.776332 0.02388622 -219.599
102 5.049746 0.731813 0.02371251 -233.493
103 5.049760 0.731760 0.02371260 -233.493
104 5.049744 0.731753 0.02371254 -233.493
105 5.049751 0.731739 0.02371268 -233.494
106 5.049759 0.731753 0.02371260 -233.493
107 4.719010 0.684399 0.02356761 -218.197
108 4.719003 0.684415 0.02356765 -218.201
109 4.718998 0.684400 0.02356752 -218.200
110 5.049731 0.731758 0.02371252 -233.494
111 5.049748 0.731750 0.02371251 -233.493
112 4.936928 0.955635 0.02432857 -237.732
113 4.936912 0.955644 0.02432876 -237.731
114 4.936915 0.955638 0.02432869 -237.731
115 5.049755 0.731747 0.02371261 -233.493
116 4.936909 0.955643 0.02432864 -237.732
117 5.049751 0.731740 0.02371257 -233.493
118 4.923454 0.972887 0.02380801 -219.750
119 4.903168 0.973546 0.02361028 -240.316
120 4.903167 0.973547 0.02361032 -240.317
121 4.903153 0.973549 0.02361030 -240.317
122 4.923448 0.972893 0.02380787 -219.746
123 4.903151 0.973544 0.02361030 -240.320
124 4.903153 0.973547 0.02361036 -240.315
125 5.061178 0.967103 0.02225266 -222.438
126 4.903159 0.973544 0.02361031 -240.320
127 4.903159 0.973547 0.02361035 -240.316
128 5.061186 0.967102 0.02225277 -222.442
129 5.061214 0.967100 0.02225281 -222.439
130 4.903151 0.973545 0.02361030 -240.316
131 5.061193 0.967097 0.02225269 -222.440
132 4.903155 0.973548 0.02361030 -240.315
133 4.903156 0.973547 0.02361043 -240.316
134 4.903143 0.973547 0.02361020 -240.320
135 5.061192 0.967101 0.02225271 -222.442
136 4.903157 0.973544 0.02361023 -240.317
137 4.903155 0.973546 0.02361031 -240.320
138 4.903146 0.973551 0.02361031 -240.315
139 4.903156 0.973545 0.02361037 -240.316
140 4.785604 0.977328 0.02389108 -229.079
141 4.903159 0.973545 0.02361030 -240.320
142 4.903165 0.973548 0.02361038 -240.319
143 4.903148 0.973548 0.02361025 -240.320
144 4.785595 0.977330 0.02389122 -229.080
145 4.785625 0.977321 0.02389112 -229.081
146 4.785610 0.977325 0.02389116 -229.073
147 4.785604 0.977324 0.02389107 -229.082
148 4.903169 0.973545 0.02361033 -240.320
149 4.903155 0.973545 0.02361029 -240.316
150 4.903151 0.973547 0.02361034 -240.320
151 4.785605 0.977325 0.02389110 -229.080
152 4.785615 0.977327 0.02389103 -229.082
153 4.785613 0.977326 0.02389100 -229.074
154 4.785616 0.977327 0.02389103 -229.080
155 4.728204 0.975204 0.02201218 -227.318
156 4.728197 0.975205 0.02201213 -227.321
157 4.728200 0.975206 0.02201222 -227.320
158 4.785611 0.977328 0.02389105 -229.078
159 4.728210 0.975200 0.02201197 -227.322
160 4.630993 0.992885 0.02203599 -214.975
161 4.728197 0.975204 0.02201203 -227.323
162 4.630988 0.992887 0.02203603 -214.973
163 4.630989 0.992888 0.02203612 -214.972
164 4.728198 0.975203 0.02201194 -227.323
165 4.728202 0.975203 0.02201204 -227.323
166 4.728203 0.975204 0.02201200 -227.323
167 4.219176 1.015397 0.02129669 -205.443
168 4.728205 0.975202 0.02201199 -227.323
169 4.219191 1.015395 0.02129676 -205.437
170 4.219182 1.015397 0.02129687 -205.439
171 4.728197 0.975206 0.02201210 -227.323
172 4.219186 1.015396 0.02129694 -205.444
173 4.219182 1.015396 0.02129683 -205.447
174 4.219194 1.015395 0.02129686 -205.437
175 4.401548 0.996614 0.01939650 -207.857
176 4.467414 0.979366 0.01956044 -209.933
177 4.401549 0.996613 0.01939646 -207.870
178 4.401534 0.996615 0.01939642 -207.838
179 4.480297 1.007515 0.02137273 -200.329
180 4.401555 0.996614 0.01939645 -207.841
181 4.480289 1.007515 0.02137273 -200.330
182 4.480283 1.007515 0.02137261 -200.328
183 4.401551 0.996613 0.01939636 -207.839
184 4.401541 0.996614 0.01939643 -207.841
185 4.401555 0.996614 0.01939637 -207.858
186 4.480287 1.007515 0.02137268 -200.343
187 4.401535 0.996613 0.01939642 -207.838
188 4.480288 1.007515 0.02137257 -200.330
189 4.480286 1.007515 0.02137264 -200.330
190 4.401539 0.996614 0.01939618 -207.839
191 4.480280 1.007515 0.02137260 -200.317
192 4.401531 0.996614 0.01939633 -207.858
193 4.480284 1.007515 0.02137268 -200.311
194 4.480287 1.007515 0.02137267 -200.328
195 4.480279 1.007515 0.02137255 -200.330
196 4.480301 1.007515 0.02137269 -200.332
197 4.480291 1.007515 0.02137256 -200.329
198 4.401531 0.996614 0.01939640 -207.842
199 4.401532 0.996614 0.01939633 -207.856
200 4.480294 1.007514 0.02137262 -200.329
201 4.401540 0.996614 0.01939643 -207.841
202 4.480299 1.007514 0.02137265 -200.330
203 4.401542 0.996614 0.01939646 -207.840
204 4.401549 0.996613 0.01939640 -207.840
205 4.401545 0.996614 0.01939640 -207.840
206 4.401536 0.996614 0.01939635 -207.840
207 4.168295 0.988375 0.01666167 -204.827
208 4.168299 0.988377 0.01666167 -204.834
209 4.266237 1.008296 0.02227450 -216.313
210 4.266224 1.008296 0.02227453 -216.311
211 4.266224 1.008297 0.02227451 -216.313
212 4.266234 1.008296 0.02227443 -216.313
213 4.266226 1.008296 0.02227437 -216.314
214 4.266226 1.008296 0.02227443 -216.315
215 4.493992 0.994199 0.02154882 -231.792
216 4.493994 0.994199 0.02154884 -231.786
217 4.493995 0.994199 0.02154871 -231.785
218 4.266230 1.008295 0.02227383 -216.313
219 4.494007 0.994199 0.02154884 -231.793
220 4.493990 0.994200 0.02154889 -231.788
221 4.266231 1.008295 0.02227399 -216.313
222 4.266224 1.008296 0.02227389 -216.313
223 4.493994 0.994198 0.02154882 -231.788
224 4.266226 1.008294 0.02227380 -216.313
225 4.493993 0.994199 0.02154868 -231.786
226 4.493994 0.994200 0.02154884 -231.794
227 4.266237 1.008295 0.02227402 -216.313
228 4.494008 0.994199 0.02154885 -231.792
229 4.266229 1.008295 0.02227391 -216.313
230 4.266236 1.008295 0.02227394 -216.313
231 4.266228 1.008294 0.02227392 -216.313
232 4.266231 1.008295 0.02227394 -216.312
233 4.493993 0.994199 0.02154879 -231.787
234 4.411877 1.010233 0.02482255 -239.523
235 4.494005 0.994203 0.02154830 -231.788
236 4.494006 0.994202 0.02154821 -231.788
237 4.493991 0.994203 0.02154831 -231.788
238 4.494005 0.994203 0.02154840 -231.776
239 4.411867 1.010234 0.02482259 -239.533
240 4.411879 1.010234 0.02482253 -239.526
241 4.493993 0.994202 0.02154828 -231.788
242 4.493994 0.994202 0.02154820 -231.786
243 4.411873 1.010233 0.02482247 -239.525
244 4.411867 1.010235 0.02482261 -239.533
245 4.494008 0.994202 0.02154839 -231.787
246 4.494008 0.994203 0.02154838 -231.787
247 4.494003 0.994202 0.02154832 -231.788
248 4.493994 0.994203 0.02154835 -231.787
249 4.493995 0.994202 0.02154815 -231.787
250 4.494009 0.994201 0.02154834 -231.786
251 4.332188 0.977396 0.01914985 -223.670
252 4.332176 0.977399 0.01914989 -223.673
253 4.493989 0.994203 0.02154821 -231.786
254 4.467577 1.002960 0.02339784 -221.759
255 4.467580 1.002960 0.02339776 -221.757
256 4.494000 0.994202 0.02154836 -231.787
257 4.493996 0.994203 0.02154838 -231.788
258 4.467593 1.002960 0.02339780 -221.757
259 4.493994 0.994202 0.02154830 -231.787
260 4.494006 0.994202 0.02154830 -231.788
261 4.494023 0.994202 0.02154842 -231.788
262 4.467590 1.002960 0.02339781 -221.758
263 4.467594 1.002959 0.02339779 -221.757
264 4.493996 0.994203 0.02154839 -231.787
265 4.493992 0.994203 0.02154830 -231.787
266 4.493996 0.994203 0.02154823 -231.788
267 4.493994 0.994202 0.02154834 -231.788
268 4.467588 1.002959 0.02339792 -221.759
269 4.467573 1.002961 0.02339787 -221.755
270 4.544031 1.010723 0.02546121 -233.990
271 4.544040 1.010722 0.02546125 -233.991
272 4.544025 1.010724 0.02546137 -233.977
273 4.544051 1.010722 0.02546129 -233.974
274 4.467583 1.002962 0.02339777 -221.754
275 4.308941 0.991864 0.01970539 -204.529
276 4.467580 1.002961 0.02339761 -221.753
277 4.308929 0.991866 0.01970530 -204.529
278 4.467577 1.002962 0.02339761 -221.754
279 4.467581 1.002963 0.02339777 -221.754
280 4.467588 1.002960 0.02339752 -221.754
281 4.467574 1.002962 0.02339764 -221.754
282 4.467589 1.002961 0.02339770 -221.754
283 4.308948 0.991864 0.01970547 -204.532
284 4.308950 0.991863 0.01970546 -204.535
285 4.308948 0.991863 0.01970538 -204.528
286 4.467577 1.002961 0.02339763 -221.755
287 4.308948 0.991864 0.01970554 -204.534
288 4.467597 1.002961 0.02339776 -221.754
289 4.467589 1.002962 0.02339766 -221.754
290 4.265030 1.002215 0.02185299 -213.375
291 4.265031 1.002215 0.02185294 -213.388
292 4.265028 1.002223 0.02185345 -213.378
293 4.265040 1.002223 0.02185356 -213.378
294 4.162572 1.124359 0.02235295 -220.673
295 4.265034 1.002224 0.02185352 -213.378
296 4.168278 1.041721 0.02131681 -218.525
297 4.168270 1.041719 0.02131673 -218.526
298 4.472527 0.977460 0.02285040 -211.737
299 4.472535 0.977453 0.02285038 -211.737
300 4.168282 1.041679 0.02131644 -218.526
301 4.168281 1.041662 0.02131663 -218.526
302 4.168285 1.041661 0.02131656 -218.526
303 4.168285 1.041661 0.02131651 -218.526
304 4.168274 1.041665 0.02131655 -218.526
305 4.168283 1.041663 0.02131660 -218.526
306 4.319878 1.052324 0.02169643 -208.200
307 4.168281 1.041663 0.02131656 -218.525
308 4.168282 1.041662 0.02131647 -218.526
309 4.352840 0.992211 0.02117361 -215.362
310 4.352841 0.992210 0.02117382 -215.364
311 4.168281 1.041661 0.02131652 -218.526
312 4.168275 1.041660 0.02131647 -218.526
313 4.707621 0.986824 0.02331133 -227.134
314 4.168273 1.041661 0.02131652 -218.526
315 4.707621 0.986825 0.02331128 -227.135
316 4.707624 0.986828 0.02331133 -227.135
317 4.707628 0.986824 0.02331132 -227.136
318 4.168272 1.041662 0.02131650 -218.526
319 4.168285 1.041660 0.02131655 -218.526
320 4.707631 0.986821 0.02331131 -227.136
321 4.707623 0.986818 0.02331127 -227.134
322 4.707633 0.986815 0.02331132 -227.134
323 4.707638 0.986815 0.02331141 -227.134
324 4.716603 0.993896 0.02364928 -239.401
325 4.716591 0.993895 0.02364921 -239.404
326 4.716593 0.993895 0.02364912 -239.403
327 4.716594 0.993896 0.02364919 -239.403
328 4.707618 0.986818 0.02331132 -227.133
329 4.707642 0.986816 0.02331142 -227.134
330 4.707623 0.986818 0.02331133 -227.133
331 4.707623 0.986821 0.02331135 -227.134
332 4.707615 0.986813 0.02331122 -227.134
333 4.707626 0.986815 0.02331125 -227.134
334 4.707640 0.986815 0.02331142 -227.134
335 4.427531 1.164977 0.02133538 -238.196
336 4.037007 1.177340 0.02070754 -219.839
337 4.427520 1.164974 0.02133538 -238.216
338 4.427522 1.164978 0.02133530 -238.220
339 4.037032 1.177339 0.02070774 -219.839
340 4.037005 1.177353 0.02070751 -219.839
341 4.037026 1.177584 0.02070728 -219.827
342 4.037023 1.177586 0.02070731 -219.828
343 4.206193 1.021068 0.02254836 -235.885
344 4.206165 1.021068 0.02254823 -235.884
345 4.037015 1.177584 0.02070725 -219.828
346 4.206176 1.021067 0.02254825 -235.885
347 4.206168 1.021068 0.02254824 -235.885
348 4.206165 1.021068 0.02254815 -235.886
349 4.206180 1.021066 0.02254817 -235.884
350 4.037020 1.177583 0.02070751 -219.828
351 3.964901 0.998331 0.01570588 -197.387
352 3.964896 0.998338 0.01570594 -197.373
353 3.964884 0.998336 0.01570582 -197.374
354 4.077015 1.052734 0.01977353 -221.840
355 4.129502 1.208960 0.02160596 -223.416
356 4.210415 1.384321 0.02034637 -220.124
357 4.129509 1.208955 0.02160600 -223.416
358 4.129511 1.208958 0.02160589 -223.414
359 4.210389 1.384335 0.02034623 -220.122
360 4.210406 1.384344 0.02034639 -220.123
361 4.129500 1.208959 0.02160589 -223.415
362 4.129491 1.208990 0.02160597 -223.416
363 4.129495 1.208966 0.02160582 -223.416
364 4.194944 1.241975 0.02097931 -216.448
365 4.190688 1.150951 0.02343459 -215.231
366 4.452386 1.090846 0.02443426 -215.397
367 4.452388 1.090868 0.02443468 -215.397
368 4.333755 1.193163 0.02388835 -229.391
369 4.333784 1.193174 0.02388857 -229.394
370 4.333772 1.193168 0.02388844 -229.394
371 4.291003 1.202105 0.02187886 -208.651
372 4.333777 1.193185 0.02388853 -229.393
373 4.333760 1.193181 0.02388830 -229.395
374 4.122702 1.270089 0.02096911 -201.867
375 4.122710 1.270132 0.02096908 -201.868
376 4.122700 1.270141 0.02096889 -201.868
377 4.122695 1.270130 0.02096894 -201.868
378 4.122696 1.270136 0.02096893 -201.868
379 4.122706 1.270151 0.02096902 -201.868
380 4.122717 1.270110 0.02096913 -201.867
381 4.122699 1.270142 0.02096909 -201.868
382 4.253944 0.882869 0.02102904 -209.745
383 4.122713 1.270110 0.02096923 -201.867
384 4.122710 1.270116 0.02096902 -201.868
385 4.253953 0.882850 0.02102903 -209.744
386 4.122703 1.270130 0.02096907 -201.866
387 4.253939 0.882858 0.02102903 -209.742
388 4.122694 1.270151 0.02096902 -201.867
389 4.154210 1.032501 0.01955028 -201.026
390 4.192425 0.853454 0.01918528 -201.480
391 4.192424 0.853476 0.01918549 -201.479
392 4.154205 1.032485 0.01955034 -201.004
393 4.192428 0.853467 0.01918549 -201.481
394 4.192441 0.853461 0.01918521 -201.481
395 4.064902 1.110689 0.01670441 -197.157
396 4.192436 0.853470 0.01918523 -201.481
397 4.192422 0.853446 0.01918498 -201.480
398 4.471741 0.696915 0.01873497 -201.277
399 4.471734 0.696927 0.01873507 -201.296
400 4.471739 0.696930 0.01873507 -201.278
401 4.471736 0.696933 0.01873509 -201.295
402 4.648721 0.188993 0.02116935 -212.296
403 4.471720 0.696912 0.01873497 -201.297
404 4.471737 0.696933 0.01873509 -201.296
405 4.471731 0.696932 0.01873500 -201.277
406 4.202439 0.779673 0.01839703 -208.505
407 4.202425 0.779686 0.01839714 -208.499
408 4.202448 0.779648 0.01839714 -208.498
409 3.893896 0.992277 0.01660825 -190.732
410 3.893890 0.992264 0.01660836 -190.734
411 3.893891 0.992262 0.01660833 -190.733
412 4.180858 0.676756 0.01697813 -206.479
413 4.180862 0.676679 0.01697783 -206.479
414 4.168219 0.719326 0.01692671 -219.076
415 3.967976 0.958345 0.01654740 -223.696
416 4.054402 0.815138 0.01747103 -213.372
417 3.967966 0.958366 0.01654702 -223.679
418 3.965346 1.213496 0.01811328 -211.610
419 3.965327 1.213498 0.01811369 -211.603
420 3.760072 1.137296 0.01700742 -204.582
421 3.760068 1.137311 0.01700745 -204.589
422 3.760062 1.137302 0.01700721 -204.589
423 3.675847 1.096383 0.01414047 -205.732
424 3.675855 1.096381 0.01414051 -205.733
425 3.675848 1.096395 0.01414057 -205.733
426 3.675861 1.096380 0.01414080 -205.733
427 3.616244 1.101293 0.01158264 -191.997
428 3.616245 1.101295 0.01158274 -191.995
429 3.616228 1.101305 0.01158253 -191.995
430 3.781606 0.894717 0.01305956 -205.335
431 3.621971 1.417629 0.01238975 -190.584
432 3.781621 0.894574 0.01305959 -205.332
433 3.781615 0.894575 0.01305968 -205.332
434 3.781609 0.894582 0.01305954 -205.331
435 3.695330 0.729321 0.01195367 -179.309
436 3.695333 0.729332 0.01195388 -179.309
437 3.514457 0.849335 0.00813970 -185.105
438 3.514444 0.849265 0.00813977 -185.106
439 3.493259 0.261334 0.00771844 -176.465
440 3.493262 0.261335 0.00771841 -176.466
441 3.493257 0.261342 0.00771841 -176.466
442 3.493273 0.261318 0.00771853 -176.466
443 3.493263 0.261329 0.00771849 -176.466
444 3.493262 0.261344 0.00771846 -176.466
445 3.493256 0.261333 0.00771839 -176.467
446 3.493256 0.261341 0.00771839 -176.467
447 3.493264 0.261331 0.00771842 -176.466
448 3.493271 0.261328 0.00771860 -176.466
449 3.554594 0.293223 0.00849720 -188.647
450 3.554607 0.293231 0.00849745 -188.648
451 3.799259 0.481109 0.00907524 -184.519
452 3.799248 0.481098 0.00907482 -184.517
453 3.799266 0.481103 0.00907503 -184.514
454 3.799256 0.481110 0.00907506 -184.516
455 3.627351 0.771837 0.00943322 -190.845
456 3.371435 1.047929 0.00878687 -169.762
457 3.371437 1.047928 0.00878666 -169.760
458 3.627346 0.771833 0.00943311 -190.845
459 3.627359 0.771832 0.00943332 -190.834
460 3.627347 0.771839 0.00943317 -190.843
461 3.534309 0.990353 0.00935441 -180.164
462 3.534308 0.990354 0.00935437 -180.163
463 3.534297 0.990354 0.00935428 -180.163
464 3.316952 1.056899 0.00663093 -184.048
465 3.387116 1.049102 0.01070597 -186.672
466 3.316970 1.056900 0.00663109 -184.047
467 3.316948 1.056897 0.00663084 -184.047
468 3.316955 1.056901 0.00663099 -184.047
469 3.256775 0.815531 0.00688512 -163.972
470 3.316962 1.056901 0.00663095 -184.047
471 3.398972 0.987281 0.00677933 -187.770
472 3.183753 1.130705 0.00553367 -170.115
473 3.398978 0.987280 0.00677921 -187.769
474 3.398965 0.987285 0.00677909 -187.772
475 3.398972 0.987285 0.00677921 -187.770
476 3.183751 1.130684 0.00553359 -170.114
477 3.398973 0.987283 0.00677915 -187.772
478 3.183755 1.130680 0.00553365 -170.115
479 3.183763 1.130691 0.00553372 -170.115
480 3.398963 0.987285 0.00677906 -187.770
481 3.183753 1.130688 0.00553361 -170.115
482 3.183747 1.130696 0.00553362 -170.115
483 3.170575 1.195018 0.00662223 -175.245
484 3.183750 1.130710 0.00553366 -170.115
485 3.170620 1.179138 0.00585719 -181.635
486 3.183758 1.130701 0.00553366 -170.115
487 3.183766 1.130675 0.00553370 -170.115
488 3.170613 1.179151 0.00585712 -181.637
489 3.170623 1.179142 0.00585710 -181.637
490 3.170611 1.179141 0.00585704 -181.637
491 3.279605 1.127787 0.00821750 -192.692
492 3.279601 1.127800 0.00821758 -192.688
493 2.966292 1.067199 0.00412299 -155.958
494 3.279630 1.127790 0.00821788 -192.688
495 2.966295 1.067197 0.00412292 -155.967
496 2.966292 1.067179 0.00412280 -155.948
497 2.966287 1.067188 0.00412282 -155.947
498 2.966300 1.067183 0.00412299 -155.949
499 3.261620 1.069057 0.00707682 -180.268
500 3.249876 0.831386 0.00741508 -175.707
501 3.249882 0.831387 0.00741527 -175.705
502 3.249888 0.831388 0.00741541 -175.704
503 3.238717 1.015294 0.00769005 -174.773
504 3.332014 0.948439 0.00973174 -179.705
505 3.332017 0.948440 0.00973174 -179.705
506 3.238726 1.015296 0.00769027 -174.773
507 3.238718 1.015294 0.00769023 -174.775
508 3.240236 0.964103 0.00796271 -177.828
509 3.240225 0.964109 0.00796265 -177.828
510 3.238720 1.015298 0.00769030 -174.758
511 3.238716 1.015293 0.00769012 -174.773
512 3.240226 0.964108 0.00796267 -177.827
513 3.240219 0.964106 0.00796244 -177.828
514 3.364532 1.001510 0.00860066 -195.169
515 3.240203 0.964109 0.00796243 -177.827
516 3.240229 0.964108 0.00796272 -177.827
517 3.065488 1.009803 0.00557276 -174.166
518 3.240224 0.964114 0.00796276 -177.827
519 3.240223 0.964108 0.00796254 -177.827
520 3.240231 0.964107 0.00796255 -177.827
521 3.240231 0.964109 0.00796269 -177.827
522 3.065479 1.009803 0.00557276 -174.160
523 3.240221 0.964109 0.00796257 -177.827
524 3.065481 1.009804 0.00557279 -174.165
525 3.065477 1.009811 0.00557278 -174.163
526 3.065466 1.009811 0.00557257 -174.161
527 3.065475 1.009813 0.00557274 -174.158
528 2.797199 1.007261 0.00377296 -159.731
529 2.797196 1.007261 0.00377297 -159.735
530 2.797192 1.007261 0.00377274 -159.731
531 2.797201 1.007261 0.00377286 -159.731
532 3.065473 1.009812 0.00557280 -174.160
533 3.065485 1.009808 0.00557273 -174.161
534 3.065475 1.009813 0.00557283 -174.161
535 2.797189 1.007260 0.00377279 -159.729
536 2.797203 1.007261 0.00377296 -159.731
537 3.065475 1.009810 0.00557270 -174.158
538 3.065477 1.009810 0.00557282 -174.161
539 2.797195 1.007260 0.00377295 -159.731
540 3.065480 1.009809 0.00557271 -174.158
541 3.065467 1.009811 0.00557264 -174.160
542 3.414511 0.861268 0.00907880 -182.566
543 3.689317 0.974769 0.01141462 -197.517
544 3.474809 0.808615 0.00808830 -199.992
545 3.474802 0.808609 0.00808828 -199.994
546 3.329772 1.008397 0.00845245 -181.989
547 3.329766 1.008396 0.00845226 -181.986
548 3.329781 1.008395 0.00845233 -181.985
549 3.374567 1.001108 0.00784399 -172.604
550 3.650305 0.996247 0.01187110 -192.719
551 3.566000 1.022688 0.01340897 -191.642
552 3.565993 1.022689 0.01340874 -191.645
553 3.708188 0.962874 0.01143728 -173.055
554 3.565994 1.022686 0.01340879 -191.645
555 3.708194 0.962877 0.01143738 -173.054
556 3.708190 0.962878 0.01143731 -173.055
557 3.708180 0.962863 0.01143718 -173.050
558 3.708203 0.962865 0.01143757 -173.052
559 3.708196 0.962860 0.01143735 -173.052
560 3.807367 1.003384 0.01734390 -186.373
561 3.807379 1.003385 0.01734402 -186.371
562 3.807389 1.003384 0.01734424 -186.370
563 3.692243 0.995962 0.01349902 -187.519
564 3.807374 1.003383 0.01734403 -186.371
565 3.807372 1.003385 0.01734409 -186.373
566 3.692243 0.995961 0.01349896 -187.519
567 3.759084 0.976555 0.01237488 -180.744
568 3.686776 1.024302 0.01228730 -192.184
569 3.759063 0.976553 0.01237459 -180.744
570 3.759062 0.976552 0.01237451 -180.743
571 3.759071 0.976550 0.01237451 -180.743
572 3.759067 0.976553 0.01237457 -180.743
573 3.759074 0.976551 0.01237457 -180.742
574 3.688829 1.049004 0.01591873 -202.138
575 3.688842 1.048998 0.01591915 -202.138
576 3.688854 1.049000 0.01591922 -202.137
577 3.724652 1.012689 0.01488419 -208.216
578 4.078586 1.034332 0.01874896 -215.470
579 3.723802 1.084439 0.01245621 -204.594
580 3.612808 1.036078 0.01273736 -187.547
581 3.612807 1.036077 0.01273734 -187.554
582 3.723811 1.084437 0.01245649 -204.593
583 3.612813 1.036072 0.01273745 -187.554
584 3.723812 1.084438 0.01245641 -204.593
585 3.723806 1.084443 0.01245648 -204.593
586 3.612812 1.036077 0.01273747 -187.549
587 3.612795 1.036078 0.01273714 -187.542
588 3.678604 0.953766 0.01302733 -198.337
589 3.646014 0.992582 0.01395607 -204.273
590 3.678611 0.953793 0.01302705 -198.335
591 3.646003 0.992583 0.01395605 -204.271
592 3.646020 0.992580 0.01395614 -204.272
593 3.646131 1.021125 0.01418542 -204.632
594 3.949704 1.007503 0.01907086 -228.274
595 4.032854 1.012805 0.01700217 -203.777
596 3.759690 1.013459 0.01482315 -215.834
597 4.032832 1.012818 0.01700270 -203.780
598 3.759697 1.013460 0.01482312 -215.823
599 3.813003 1.037153 0.01636507 -202.500
600 3.687199 1.017762 0.01265917 -209.522
601 3.813015 1.037151 0.01636492 -202.496
602 3.927756 1.074597 0.01745397 -222.918
603 3.927753 1.074609 0.01745408 -222.915
604 3.927741 1.074613 0.01745417 -222.914
605 4.110126 1.015757 0.01641763 -207.410
606 4.110115 1.015759 0.01641758 -207.407
607 4.110127 1.015755 0.01641757 -207.406
608 4.110132 1.015757 0.01641777 -207.405
609 4.110125 1.015757 0.01641775 -207.408
610 4.110132 1.015756 0.01641781 -207.406
611 3.774949 1.100003 0.01388227 -199.456
612 3.774963 1.099998 0.01388237 -199.465
613 3.774960 1.100004 0.01388241 -199.465
614 3.615564 1.173781 0.01270772 -189.162
615 3.615570 1.173770 0.01270769 -189.159
616 3.615575 1.173762 0.01270766 -189.159
617 3.615569 1.173771 0.01270771 -189.159
618 3.615584 1.173755 0.01270784 -189.159
619 3.550780 1.378448 0.01443908 -194.699
620 3.550787 1.378459 0.01443893 -194.700
621 3.642440 1.012359 0.01111402 -185.994
622 3.550785 1.378436 0.01443898 -194.700
623 3.642439 1.012368 0.01111400 -185.996
624 3.642450 1.012348 0.01111369 -185.998
625 3.642422 1.012362 0.01111354 -185.998
626 3.857718 1.018445 0.01392305 -209.015
627 3.642435 1.012360 0.01111373 -185.998
628 3.857723 1.018444 0.01392305 -209.019
629 3.857719 1.018458 0.01392295 -209.020
630 3.621661 0.994760 0.01132080 -177.758
631 3.621641 0.994713 0.01132018 -177.760
632 3.621644 0.994711 0.01132011 -177.760
633 3.873935 1.022306 0.01346010 -200.689
634 3.873917 1.022307 0.01345994 -200.686
635 3.755828 1.029289 0.01367788 -186.684
636 3.755812 1.029289 0.01367713 -186.684
637 3.556237 1.043900 0.01220090 -187.754
638 3.556224 1.043901 0.01220077 -187.756
639 3.773048 1.013850 0.01271598 -203.208
640 3.773049 1.013848 0.01271542 -203.206
641 3.543219 1.086480 0.01091833 -171.635
642 3.543202 1.086490 0.01091812 -171.636
643 3.543230 1.086488 0.01091838 -171.635
644 3.543200 1.086497 0.01091798 -171.634
645 3.543211 1.086490 0.01091809 -171.635
646 3.543221 1.086487 0.01091825 -171.633
647 3.543215 1.086488 0.01091809 -171.633
648 3.651272 1.087347 0.01238120 -180.718
649 3.543219 1.086493 0.01091830 -171.635
650 3.543224 1.086493 0.01091822 -171.633
651 3.471317 1.087534 0.01105979 -173.653
652 3.471312 1.087529 0.01105949 -173.654
653 3.467361 1.148876 0.01046153 -159.527
654 3.471306 1.087539 0.01105945 -173.654
655 3.471309 1.087527 0.01105951 -173.655
656 3.609428 1.162362 0.01213299 -174.748
657 3.753023 1.054711 0.01424838 -191.712
658 3.609432 1.162357 0.01213338 -174.748
659 3.609424 1.162353 0.01213322 -174.749
660 3.609434 1.162353 0.01213319 -174.749
661 3.738720 1.055809 0.01466977 -195.934
662 3.738718 1.055812 0.01467029 -195.932
663 3.738725 1.055805 0.01467008 -195.932
664 3.606029 1.074971 0.01161766 -176.369
665 3.606050 1.074970 0.01161787 -176.368
666 3.606019 1.074997 0.01161787 -176.356
667 3.624100 1.032266 0.01324642 -202.512
668 3.606044 1.074989 0.01161804 -176.356
669 3.606030 1.074993 0.01161794 -176.356
670 3.606040 1.074995 0.01161808 -176.356
671 3.606042 1.074992 0.01161805 -176.357
672 3.606037 1.074998 0.01161828 -176.357
673 3.606037 1.074995 0.01161810 -176.356
674 3.674186 1.100214 0.01487065 -185.882
675 3.606044 1.074998 0.01161812 -176.357
676 3.606051 1.075003 0.01161815 -176.356
677 3.680169 1.055830 0.01299594 -187.973
678 3.614649 1.055287 0.00977270 -186.900
679 3.614661 1.055290 0.00977277 -186.899
680 3.614658 1.055263 0.00977290 -186.900
681 3.417552 1.103563 0.01070422 -190.967
682 3.417552 1.103571 0.01070447 -190.970
683 3.417556 1.103582 0.01070484 -190.969
684 3.699188 1.018494 0.01389901 -199.727
685 3.513477 1.031328 0.00980533 -191.956
686 3.513492 1.031329 0.00980534 -191.953
687 3.513497 1.031331 0.00980539 -191.953
688 3.513502 1.031331 0.00980552 -191.956
689 3.513491 1.031330 0.00980547 -191.953
690 3.322300 1.091409 0.00806954 -180.282
691 3.513497 1.031332 0.00980546 -191.957
692 3.513477 1.031333 0.00980521 -191.952
693 3.513502 1.031332 0.00980554 -191.953
694 3.492667 1.028074 0.01219428 -196.013
695 3.673706 1.034042 0.01340268 -197.872
696 3.683992 1.025664 0.01504402 -201.485
697 3.673715 1.034044 0.01340329 -197.867
698 3.683975 1.025664 0.01504391 -201.484
699 3.970271 0.947240 0.01622657 -199.502
700 3.683983 1.025678 0.01504458 -201.483
701 3.683971 1.025680 0.01504428 -201.484
702 3.683981 1.025676 0.01504439 -201.483
703 3.692776 1.016108 0.01437578 -195.810
704 3.692751 1.016124 0.01437656 -195.815
705 3.692772 1.016122 0.01437680 -195.815
706 3.605828 1.036984 0.01218168 -180.180
707 3.605838 1.036979 0.01218161 -180.179
708 3.749798 0.966164 0.01424763 -202.734
709 3.749802 0.966171 0.01424788 -202.734
710 3.749804 0.966166 0.01424772 -202.737
711 3.546731 1.051031 0.01214260 -182.922
712 3.546735 1.051032 0.01214264 -182.919
713 3.737920 0.988433 0.01310101 -179.001
714 3.737949 0.988432 0.01310129 -179.001
715 3.737935 0.988440 0.01310119 -179.004
716 3.737940 0.988441 0.01310129 -179.005
717 3.737944 0.988441 0.01310123 -179.005
718 4.032220 0.982278 0.01708372 -202.510
719 4.164301 1.003789 0.01735014 -188.684
720 4.164296 1.003792 0.01735062 -188.685
721 4.164315 1.003791 0.01735067 -188.684
722 4.164300 1.003793 0.01735071 -188.685
723 4.164307 1.003792 0.01735072 -188.685
724 4.164302 1.003792 0.01735066 -188.685
725 4.164300 1.003792 0.01735077 -188.685
726 4.164301 1.003792 0.01735070 -188.687
727 4.146914 1.011146 0.01997530 -212.675
728 4.146897 1.011146 0.01997525 -212.668
729 4.279579 0.970361 0.01756084 -219.302
730 4.131945 0.983460 0.01873428 -207.663
731 4.025088 1.005844 0.01764719 -207.719
732 3.940362 1.006078 0.01765773 -198.888
733 4.025090 1.005843 0.01764712 -207.718
734 4.025103 1.005841 0.01764705 -207.718
735 4.093770 0.995641 0.01804233 -201.796
736 4.093748 0.995642 0.01804192 -201.787
737 4.093748 0.995643 0.01804205 -201.799
738 4.093768 0.995641 0.01804213 -201.799
739 4.093767 0.995639 0.01804213 -201.787
740 3.847099 1.061259 0.01790783 -189.441
741 4.093762 0.995642 0.01804210 -201.799
742 4.139207 0.993553 0.01763331 -196.550
743 4.139221 0.993551 0.01763336 -196.550
744 4.139224 0.993553 0.01763353 -196.549
745 4.139209 0.993553 0.01763341 -196.550
746 3.951434 1.014269 0.01769927 -211.225
747 3.922681 1.001632 0.01731133 -190.838
748 3.922673 1.001634 0.01731131 -190.834
749 3.922700 1.001632 0.01731226 -190.838
750 4.002662 1.009657 0.01718681 -194.199
751 4.002654 1.009657 0.01718688 -194.195
752 3.845616 1.013584 0.01562964 -191.272
753 3.845624 1.013584 0.01562970 -191.278
754 3.845611 1.013585 0.01562973 -191.276
755 3.798190 0.976565 0.01365367 -194.077
756 3.922858 0.926785 0.01428811 -204.702
757 3.729131 1.033092 0.01494475 -192.630
758 3.729138 1.033091 0.01494465 -192.630
759 3.907024 0.989683 0.01574375 -189.987
760 3.951167 0.965950 0.01445105 -200.058
761 3.951160 0.965951 0.01445095 -200.059
762 3.907015 0.989741 0.01574421 -189.987
763 3.907026 0.989742 0.01574443 -189.988
764 3.951165 0.965950 0.01445108 -200.061
765 3.822027 1.022248 0.01766259 -188.606
766 3.822007 1.022250 0.01766222 -188.604
767 3.822011 1.022249 0.01766241 -188.606
768 3.882843 1.002006 0.01634190 -183.619
769 3.822010 1.022249 0.01766218 -188.606
770 3.822012 1.022249 0.01766222 -188.605
771 3.822006 1.022249 0.01766234 -188.604
772 3.822016 1.022249 0.01766231 -188.606
773 3.822004 1.022250 0.01766221 -188.604
774 3.920924 0.999258 0.01723450 -196.918
775 3.822031 1.022249 0.01766248 -188.606
776 3.822008 1.022250 0.01766233 -188.605
777 3.784914 1.002027 0.01632068 -190.290
778 3.784898 1.002027 0.01632076 -190.297
779 3.784926 1.002027 0.01632112 -190.291
780 3.784915 1.002026 0.01632034 -190.297
781 3.743045 0.982868 0.01224206 -183.190
782 3.784918 1.002025 0.01632014 -190.298
783 3.743030 0.982869 0.01224189 -183.195
784 3.743032 0.982869 0.01224192 -183.198
785 3.743038 0.982862 0.01224169 -183.185
786 3.708796 0.990137 0.01230542 -184.326
787 3.743057 0.982861 0.01224198 -183.185
788 3.743039 0.982863 0.01224183 -183.185
789 3.743037 0.982862 0.01224183 -183.185
790 3.743042 0.982864 0.01224187 -183.185
791 3.675031 0.917061 0.01119539 -188.873
792 3.675028 0.917063 0.01119562 -188.882
793 3.209034 1.013396 0.00760440 -173.388
794 3.209039 1.013397 0.00760439 -173.390
795 3.209056 1.013395 0.00760454 -173.387
796 3.675034 0.917064 0.01119565 -188.871
797 3.675048 0.917065 0.01119588 -188.882
798 3.805491 0.994886 0.01253626 -186.158
799 3.805507 0.994886 0.01253640 -186.158
800 3.805481 0.994886 0.01253634 -186.158
801 3.805499 0.994886 0.01253642 -186.159
802 3.805499 0.994885 0.01253630 -186.158
803 3.730206 1.024664 0.01519471 -203.143
804 3.730214 1.024660 0.01519463 -203.146
805 3.730210 1.024661 0.01519461 -203.146
806 3.730193 1.024662 0.01519419 -203.146
807 3.721939 0.990282 0.01455573 -179.008
808 3.832353 0.994611 0.01419994 -187.735
809 3.832346 0.994614 0.01419991 -187.736
810 3.880933 1.010096 0.01541931 -199.521
811 3.880933 1.010087 0.01541912 -199.520
812 3.880936 1.010088 0.01541953 -199.519
813 3.836592 0.999351 0.01517544 -193.390
814 3.836595 0.999350 0.01517538 -193.391
815 3.943108 1.005193 0.01523893 -194.132
816 3.943083 1.005194 0.01523864 -194.134
817 3.875540 1.014936 0.01576189 -192.963
818 3.875529 1.014936 0.01576185 -192.959
819 3.875537 1.014934 0.01576177 -192.959
820 3.875543 1.014935 0.01576191 -192.959
821 3.914066 1.004828 0.01441593 -193.969
822 3.868555 0.995415 0.01530136 -187.865
823 3.914069 1.004825 0.01441582 -193.961
824 3.914060 1.004825 0.01441557 -193.958
825 3.917900 1.005377 0.01605695 -202.989
826 3.917903 1.005378 0.01605734 -202.987
827 3.955292 0.998668 0.01495104 -194.405
828 3.828763 0.991518 0.01357165 -181.390
829 3.828761 0.991521 0.01357193 -181.388
830 3.828775 0.991518 0.01357194 -181.399
831 3.974272 1.008435 0.01732841 -195.415
832 3.974292 1.008430 0.01732835 -195.416
833 3.974279 1.008429 0.01732821 -195.416
834 3.813866 1.040729 0.01433293 -191.794
835 4.012013 1.009677 0.01571091 -203.886
836 4.011993 1.009679 0.01571074 -203.888
837 3.668236 1.052786 0.01380998 -197.949
838 3.668238 1.052784 0.01381024 -197.964
839 3.668253 1.052785 0.01381038 -197.964
840 3.668234 1.052788 0.01381007 -197.965
841 3.825531 1.011675 0.01498673 -206.091
842 3.956318 0.661578 0.01271753 -197.491
843 3.939314 0.873447 0.01173649 -196.309
844 4.258650 0.823757 0.01791099 -223.857
845 4.258651 0.823761 0.01791106 -223.858
846 3.939328 0.873442 0.01173688 -196.307
847 4.079452 0.885608 0.01493288 -207.781
848 3.939331 0.873451 0.01173689 -196.306
849 4.079448 0.885612 0.01493293 -207.780
850 3.897171 0.998941 0.01358249 -191.666
851 4.079441 0.885607 0.01493272 -207.783
852 4.079439 0.885616 0.01493291 -207.783
853 4.079444 0.885612 0.01493295 -207.782
854 3.940779 0.992963 0.01271624 -188.103
855 3.936451 0.991146 0.01430350 -188.126
856 3.940784 0.992953 0.01271597 -188.099
857 3.914199 1.014097 0.01543204 -196.933
858 3.914189 1.014118 0.01543218 -196.941
859 3.869895 1.045581 0.01418039 -207.713
860 3.869917 1.045579 0.01418047 -207.712
861 3.869906 1.045576 0.01418052 -207.711
862 3.929107 1.030426 0.01518577 -212.930
863 3.869906 1.045560 0.01418023 -207.713
864 3.869926 1.045554 0.01418031 -207.712
865 3.874346 1.027240 0.01476989 -192.530
866 3.874337 1.027241 0.01476982 -192.529
867 3.874339 1.027241 0.01476983 -192.530
868 3.874336 1.027241 0.01477003 -192.531
869 3.874335 1.027240 0.01476998 -192.530
870 3.874334 1.027240 0.01476993 -192.531
871 3.892374 1.001950 0.01522242 -206.047
872 3.580188 0.970558 0.01015792 -182.689
873 3.714951 0.948375 0.01280950 -204.470
874 3.714949 0.948374 0.01280947 -204.457
875 3.499295 0.998705 0.01126314 -191.690
876 3.714947 0.948373 0.01280944 -204.470
877 3.499298 0.998703 0.01126307 -191.691
878 3.499290 0.998701 0.01126283 -191.690
879 3.499317 0.998698 0.01126300 -191.690
880 3.499304 0.998700 0.01126294 -191.690
881 3.499303 0.998703 0.01126309 -191.690
882 3.372000 0.954725 0.00852800 -188.205
883 3.263957 0.971862 0.00723308 -185.670
884 3.263954 0.971865 0.00723298 -185.667
885 3.263954 0.971862 0.00723296 -185.668
886 3.103119 1.009550 0.00697247 -175.465
887 3.468431 0.997829 0.01031166 -190.762
888 3.103119 1.009551 0.00697243 -175.465
889 3.204500 0.938380 0.00628599 -174.533
890 3.204505 0.938379 0.00628598 -174.533
891 3.103126 1.009551 0.00697263 -175.465
892 3.204497 0.938384 0.00628594 -174.531
893 3.103098 1.009553 0.00697228 -175.465
894 3.103124 1.009549 0.00697244 -175.465
895 3.007548 1.014221 0.00556860 -174.293
896 2.732492 0.769496 0.00215329 -138.780
897 3.007548 1.014220 0.00556847 -174.296
898 3.007560 1.014220 0.00556858 -174.297
899 3.007549 1.014220 0.00556851 -174.295
900 3.007548 1.014221 0.00556852 -174.297
901 3.007543 1.014222 0.00556859 -174.297
902 3.064772 1.035908 0.00551183 -170.878
903 3.007541 1.014220 0.00556849 -174.297
904 3.064761 1.035906 0.00551180 -170.873
905 3.064779 1.035908 0.00551202 -170.866
906 3.064765 1.035908 0.00551178 -170.877
907 3.064764 1.035905 0.00551187 -170.884
908 3.007545 1.014221 0.00556849 -174.296
909 3.007550 1.014222 0.00556854 -174.297
910 3.007550 1.014220 0.00556842 -174.297
911 3.068880 1.029977 0.00621292 -164.794
912 3.068889 1.029959 0.00621302 -164.794
913 3.081352 1.078161 0.00711551 -177.221
914 3.081357 1.078165 0.00711560 -177.220
915 3.081349 1.078166 0.00711549 -177.222
916 3.068877 1.029955 0.00621291 -164.793
917 3.068897 1.029953 0.00621306 -164.794
918 3.081359 1.078162 0.00711553 -177.219
919 3.017292 0.538290 0.00398153 -168.668
920 3.081348 1.078231 0.00711538 -177.222
921 3.081360 1.078230 0.00711537 -177.223
922 3.017289 0.538279 0.00398145 -168.671
923 3.017278 0.538286 0.00398137 -168.669
924 3.017285 0.538268 0.00398139 -168.669
925 3.081355 1.078228 0.00711556 -177.222
926 3.081367 1.078228 0.00711562 -177.222
927 3.081356 1.078230 0.00711559 -177.222
928 3.017288 0.538266 0.00398144 -168.669
929 3.017288 0.538280 0.00398138 -168.672
930 3.017296 0.538284 0.00398154 -168.667
931 3.017296 0.538275 0.00398150 -168.671
932 3.017294 0.538269 0.00398145 -168.670
933 3.081363 1.078228 0.00711559 -177.222
934 3.036302 1.028518 0.00604937 -163.422
935 3.036311 1.028509 0.00604949 -163.422
936 3.081363 1.078228 0.00711559 -177.222
937 3.036300 1.028515 0.00604934 -163.422
938 3.081354 1.078230 0.00711538 -177.228
939 3.036303 1.028516 0.00604934 -163.422
940 3.036304 1.028514 0.00604937 -163.424
941 3.081357 1.078227 0.00711552 -177.221
942 3.081362 1.078225 0.00711556 -177.223
943 3.081363 1.078230 0.00711565 -177.222
944 3.081373 1.078229 0.00711576 -177.222
945 3.081362 1.078231 0.00711559 -177.228
946 3.081366 1.078229 0.00711555 -177.228
947 3.081371 1.078230 0.00711558 -177.222
948 3.081360 1.078231 0.00711543 -177.222
949 3.081354 1.078228 0.00711535 -177.222
950 3.081367 1.078231 0.00711567 -177.223
951 3.081353 1.078230 0.00711536 -177.222
952 3.081355 1.078228 0.00711542 -177.222
953 3.081354 1.078230 0.00711554 -177.222
954 3.081375 1.078228 0.00711575 -177.222
955 3.081368 1.078227 0.00711566 -177.224
956 3.081361 1.078231 0.00711554 -177.222
957 3.081367 1.078227 0.00711548 -177.222
958 3.081370 1.078227 0.00711566 -177.228
959 3.081346 1.078232 0.00711534 -177.222
960 3.081355 1.078228 0.00711535 -177.222
961 3.162053 1.072353 0.00827632 -171.997
962 3.081372 1.078227 0.00711553 -177.222
963 3.162067 1.072348 0.00827638 -171.992
964 3.162069 1.072354 0.00827668 -171.998
965 3.162067 1.072359 0.00827670 -171.996
966 2.900337 0.650648 0.00303207 -170.798
967 3.162063 1.072358 0.00827681 -171.999
968 3.162070 1.072361 0.00827670 -171.997
969 3.162080 1.072354 0.00827688 -171.999
970 2.900333 0.650658 0.00303202 -170.798
971 3.162066 1.072352 0.00827678 -171.999
972 2.900327 0.650662 0.00303206 -170.799
973 2.900330 0.650650 0.00303198 -170.798
974 2.900325 0.650668 0.00303197 -170.798
975 3.162061 1.072351 0.00827653 -171.998
976 2.900332 0.650637 0.00303197 -170.798
977 2.842103 0.180169 0.00201999 -142.276
978 2.842102 0.180166 0.00201999 -142.279
979 2.900323 0.650426 0.00303195 -170.797
980 2.900329 0.650421 0.00303200 -170.797
981 2.842096 0.180171 0.00202001 -142.278
982 2.900325 0.650428 0.00303201 -170.797
983 2.842092 0.180170 0.00201995 -142.281
984 2.842091 0.180170 0.00201994 -142.276
985 2.842106 0.180175 0.00202007 -142.278
986 2.900327 0.650420 0.00303194 -170.797
987 2.842110 0.180167 0.00202008 -142.278
988 2.900351 0.650404 0.00303215 -170.797
989 2.842097 0.180167 0.00201996 -142.278
990 2.816053 0.091826 0.00184887 -154.951
991 2.816033 0.091828 0.00184879 -154.950
992 2.842097 0.180162 0.00201996 -142.276
993 2.816056 0.091823 0.00184890 -154.950
994 2.816045 0.091828 0.00184883 -154.955
995 2.816046 0.091830 0.00184883 -154.951
996 2.842090 0.180158 0.00201984 -142.276
997 2.842086 0.180159 0.00201987 -142.276
998 2.816032 0.091827 0.00184875 -154.951
999 2.816042 0.091823 0.00184878 -154.951
