#sp   rion       Nb        pii      Viw
0 3.698774 1.140536 0.01479897 -185.340
1 3.667725 1.017163 0.01229256 -183.842
2 4.043282 1.038985 0.01886522 -216.393
3 4.042061 1.038696 0.01889402 -216.656
4 4.041965 1.039307 0.01887171 -216.209
5 4.046952 1.038872 0.01890960 -216.946
6 4.043795 1.040144 0.01886559 -216.470
7 4.042920 1.038795 0.01889060 -216.769
8 3.993572 1.009560 0.01729756 -210.335
9 3.994121 1.009807 0.01726791 -209.790
10 3.993816 1.010164 0.01728902 -210.945
11 3.992629 1.009801 0.01730099 -209.741
12 3.992352 1.010116 0.01724634 -209.797
13 4.107411 1.018436 0.01915931 -206.175
14 3.885022 1.072756 0.01809637 -205.317
15 3.889295 1.071920 0.01816127 -205.074
16 4.233685 1.015433 0.02100431 -212.844
17 4.239264 1.015278 0.02105788 -213.655
18 4.237914 1.014769 0.02108528 -213.582
19 4.234823 1.015432 0.02105050 -212.934
20 4.293543 1.014139 0.02259806 -219.429
21 4.235221 1.015249 0.02107779 -213.336
22 4.295287 1.013992 0.02259991 -219.586
23 4.293736 1.013878 0.02262549 -219.701
24 4.290486 1.014287 0.02257308 -219.741
25 4.419373 1.012279 0.02499541 -226.928
26 4.422951 1.012046 0.02500398 -226.425
27 4.292791 1.014033 0.02257607 -219.250
28 4.293668 1.014051 0.02254711 -219.216
29 4.243248 1.011639 0.02111286 -215.368
30 4.057079 1.005956 0.02001789 -216.638
31 4.250178 1.010533 0.02113582 -215.036
32 4.469095 0.991714 0.02201000 -220.651
33 4.470310 0.991875 0.02205315 -220.150
34 4.469181 0.991470 0.02197363 -219.866
35 4.581967 0.993444 0.02153727 -210.484
36 4.466851 0.991769 0.02199473 -220.135
37 4.468828 0.991502 0.02198402 -219.675
38 4.586389 0.993606 0.02153972 -210.785
39 4.826842 0.950105 0.02246524 -214.502
40 4.827056 0.950064 0.02245345 -213.996
41 4.830518 0.949322 0.02247771 -214.401
42 4.581626 0.993308 0.02153740 -209.966
43 4.832733 0.948527 0.02247356 -214.386
44 4.826576 0.949685 0.02244776 -213.540
45 4.578836 0.993263 0.02155883 -210.024
46 4.827667 0.949834 0.02245263 -215.663
47 4.714553 0.815512 0.02109377 -211.201
48 4.828013 0.950738 0.02247460 -214.417
49 4.714174 0.820008 0.02106457 -210.765
50 4.709792 0.824690 0.02106898 -211.864
51 4.714784 0.824276 0.02111483 -211.283
52 4.712863 0.823323 0.02107179 -211.640
53 4.716764 0.813518 0.02112005 -210.961
54 5.009576 0.902374 0.02292406 -231.818
55 5.009750 0.900083 0.02288157 -232.286
56 4.709711 0.816696 0.02108081 -210.683
57 5.009369 0.900392 0.02292231 -231.574
58 5.009381 0.899912 0.02288984 -231.867
59 5.007960 0.900296 0.02291974 -231.683
60 5.011151 0.899615 0.02291146 -232.067
61 4.764346 0.942735 0.02135427 -220.868
62 4.766483 0.941507 0.02138155 -220.877
63 5.009891 0.898018 0.02290211 -231.657
64 4.843393 0.704999 0.02166866 -224.048
65 4.843818 0.701055 0.02166629 -223.503
66 4.844467 0.704267 0.02168678 -223.258
67 4.841119 0.700383 0.02167370 -223.836
68 4.610282 0.699307 0.02229485 -215.674
69 4.611967 0.703561 0.02227970 -216.611
70 4.615092 0.703512 0.02233538 -215.913
71 4.611850 0.699314 0.02229555 -216.388
72 4.842081 0.707292 0.02166852 -223.806
73 4.846334 0.698877 0.02170598 -224.406
74 4.614279 0.697171 0.02229615 -216.394
75 4.616482 0.700322 0.02232318 -215.944
76 4.847562 0.704683 0.02171773 -223.808
77 4.843876 0.702350 0.02167033 -224.117
78 4.846627 0.703856 0.02170586 -223.612
79 4.616544 0.696689 0.02233246 -216.475
80 4.842944 0.704238 0.02166408 -223.219
81 4.843864 0.705563 0.02169347 -223.929
82 4.844799 0.702280 0.02170589 -224.161
83 4.820632 0.775683 0.02386253 -218.416
84 4.818972 0.775040 0.02387854 -219.553
85 4.843110 0.707748 0.02166016 -223.803
86 4.844854 0.701488 0.02169804 -223.474
87 4.819571 0.774948 0.02390202 -219.458
88 4.818686 0.775248 0.02391375 -219.752
89 4.842577 0.700656 0.02166394 -223.875
90 4.819508 0.774199 0.02389800 -220.200
91 4.822309 0.774575 0.02388441 -218.621
92 4.817383 0.772424 0.02388538 -219.676
93 4.961668 0.627025 0.02285317 -229.614
94 4.960788 0.626137 0.02284554 -230.446
95 4.967010 0.625324 0.02290185 -230.453
96 4.813936 0.776900 0.02387361 -219.393
97 4.818666 0.773614 0.02388147 -219.015
98 4.820763 0.777700 0.02390088 -220.243
99 4.816544 0.778625 0.02388271 -219.333
100 5.050365 0.735814 0.02370887 -233.576
101 4.814121 0.777450 0.02386600 -219.145
102 5.046285 0.729934 0.02372502 -233.738
103 5.048068 0.734910 0.02369998 -233.461
104 5.050615 0.730065 0.02370625 -233.568
105 5.051550 0.731976 0.02368935 -233.483
106 5.051958 0.729851 0.02371092 -233.267
107 4.719035 0.686519 0.02360460 -218.810
108 4.717794 0.687642 0.02357245 -217.938
109 4.717072 0.691027 0.02356586 -218.086
110 5.050023 0.733873 0.02371868 -233.009
111 5.051452 0.730779 0.02370670 -233.435
112 4.940619 0.955359 0.02433471 -237.395
113 4.938871 0.955745 0.02432706 -238.446
114 4.936705 0.955962 0.02433037 -238.159
115 5.051520 0.735181 0.02372543 -233.959
116 4.935722 0.954237 0.02429022 -237.549
117 5.049368 0.735079 0.02372127 -233.563
118 4.926119 0.972040 0.02381207 -219.544
119 4.904763 0.973866 0.02362727 -240.087
120 4.905423 0.973227 0.02364179 -240.769
121 4.904245 0.973067 0.02359210 -239.471
122 4.924322 0.973764 0.02380271 -219.897
123 4.905931 0.973465 0.02360022 -239.650
124 4.906344 0.973471 0.02362949 -241.127
125 5.058983 0.967748 0.02224996 -223.052
126 4.901275 0.973750 0.02360193 -240.422
127 4.905510 0.972903 0.02361735 -240.615
128 5.062825 0.967130 0.02226866 -222.744
129 5.059353 0.967566 0.02222351 -222.365
130 4.903831 0.973432 0.02360474 -240.740
131 5.063023 0.967005 0.02226173 -221.918
132 4.906348 0.973164 0.02363370 -240.172
133 4.907454 0.973774 0.02359297 -239.946
134 4.904047 0.973755 0.02361799 -240.233
135 5.061148 0.967491 0.02227316 -223.457
136 4.898220 0.974102 0.02359083 -240.225
137 4.903015 0.973585 0.02361275 -240.823
138 4.902008 0.973487 0.02363146 -239.956
139 4.903415 0.973955 0.02360721 -240.421
140 4.785449 0.977826 0.02391176 -228.615
141 4.904632 0.973383 0.02359515 -240.938
142 4.902921 0.973313 0.02362906 -239.626
143 4.903053 0.973049 0.02360963 -240.453
144 4.786207 0.977467 0.02391282 -228.953
145 4.781688 0.977506 0.02388468 -229.764
146 4.784112 0.977246 0.02389924 -228.767
147 4.786608 0.976982 0.02389495 -229.407
148 4.904174 0.973132 0.02361042 -239.929
149 4.904669 0.973551 0.02362909 -240.018
150 4.899863 0.973560 0.02360870 -240.163
151 4.782218 0.976547 0.02387695 -229.381
152 4.787217 0.976542 0.02389620 -229.695
153 4.784718 0.976773 0.02387664 -229.040
154 4.783906 0.977961 0.02389648 -229.300
155 4.727094 0.973948 0.02197554 -227.157
156 4.727619 0.975123 0.02199528 -227.619
157 4.732278 0.974299 0.02201904 -227.404
158 4.782976 0.977205 0.02388548 -229.063
159 4.728114 0.974941 0.02201284 -227.200
160 4.633020 0.993516 0.02209068 -215.562
161 4.727409 0.975243 0.02199643 -227.669
162 4.632180 0.992640 0.02202918 -214.782
163 4.631300 0.993075 0.02202757 -215.462
164 4.725053 0.975929 0.02201728 -228.005
165 4.724165 0.975045 0.02197622 -226.977
166 4.723187 0.975772 0.02200433 -227.961
167 4.215449 1.015770 0.02128864 -205.620
168 4.730518 0.974764 0.02202613 -227.183
169 4.222322 1.015524 0.02131748 -205.340
170 4.215413 1.015429 0.02127776 -205.626
171 4.729665 0.975285 0.02199611 -226.991
172 4.223494 1.015416 0.02131947 -206.435
173 4.221851 1.015171 0.02133875 -204.864
174 4.218658 1.014976 0.02127371 -204.967
175 4.401461 0.996858 0.01938946 -207.889
176 4.465567 0.979759 0.01956581 -209.692
177 4.402282 0.996997 0.01941778 -207.963
178 4.405199 0.996246 0.01940846 -208.728
179 4.480564 1.008089 0.02136948 -200.454
180 4.403683 0.996816 0.01938240 -208.025
181 4.480266 1.007541 0.02135645 -200.121
182 4.478290 1.007538 0.02136921 -200.566
183 4.401357 0.996446 0.01941074 -207.718
184 4.399479 0.996793 0.01938312 -207.484
185 4.401296 0.996756 0.01941255 -207.660
186 4.479306 1.007172 0.02137147 -200.330
187 4.403806 0.996569 0.01940180 -208.050
188 4.479630 1.007499 0.02136860 -199.993
189 4.479095 1.008466 0.02138141 -199.796
190 4.400138 0.996678 0.01940665 -207.802
191 4.477907 1.007428 0.02138551 -200.367
192 4.402742 0.996575 0.01941402 -208.288
193 4.478344 1.007478 0.02135674 -200.801
194 4.483139 1.007044 0.02139815 -200.644
195 4.479163 1.007936 0.02139053 -200.958
196 4.477248 1.007808 0.02140104 -199.661
197 4.480315 1.007024 0.02137870 -199.740
198 4.398727 0.996710 0.01941785 -208.362
199 4.406878 0.996681 0.01942248 -207.958
200 4.480191 1.007508 0.02136462 -200.458
201 4.396119 0.997061 0.01940839 -207.695
202 4.483822 1.007313 0.02140619 -200.575
203 4.399883 0.996527 0.01933786 -207.763
204 4.403767 0.996598 0.01937741 -207.649
205 4.401191 0.996547 0.01936137 -208.509
206 4.401480 0.996564 0.01938943 -207.557
207 4.169167 0.988484 0.01670479 -204.879
208 4.166782 0.988450 0.01667938 -205.387
209 4.265334 1.008091 0.02230402 -216.860
210 4.265931 1.008278 0.02224434 -216.223
211 4.264854 1.007889 0.02221568 -215.537
212 4.266445 1.008765 0.02229632 -216.470
213 4.266137 1.008185 0.02223638 -216.195
214 4.266855 1.008288 0.02228022 -216.353
215 4.494372 0.994058 0.02155972 -231.406
216 4.494123 0.994276 0.02158273 -231.626
217 4.496397 0.993900 0.02154618 -231.346
218 4.267381 1.008123 0.02229795 -216.555
219 4.495410 0.994163 0.02156459 -231.558
220 4.495920 0.993948 0.02152135 -231.859
221 4.268256 1.007993 0.02228658 -216.959
222 4.264567 1.008043 0.02224795 -216.302
223 4.494857 0.993970 0.02153915 -231.888
224 4.265162 1.008109 0.02224767 -215.994
225 4.496221 0.994276 0.02159059 -232.163
226 4.494481 0.994338 0.02156866 -231.684
227 4.268055 1.008179 0.02228875 -216.588
228 4.492493 0.994287 0.02153554 -231.559
229 4.265447 1.008252 0.02225458 -216.720
230 4.269782 1.007807 0.02225705 -216.718
231 4.260352 1.008546 0.02224056 -216.818
232 4.266112 1.008825 0.02232795 -216.637
233 4.492717 0.994141 0.02158139 -232.298
234 4.409573 1.009838 0.02482932 -239.998
235 4.494563 0.994350 0.02154909 -231.623
236 4.490351 0.994440 0.02154579 -230.833
237 4.493000 0.994204 0.02153886 -231.353
238 4.491679 0.994069 0.02152222 -231.985
239 4.412683 1.010375 0.02487134 -239.008
240 4.412160 1.009588 0.02481285 -239.900
241 4.494698 0.994308 0.02156870 -231.926
242 4.494178 0.994266 0.02155176 -231.798
243 4.412708 1.010358 0.02483284 -238.966
244 4.410800 1.011076 0.02483494 -239.181
245 4.493956 0.994112 0.02154421 -232.079
246 4.493894 0.994312 0.02157980 -231.897
247 4.490913 0.994082 0.02150182 -231.492
248 4.491344 0.994299 0.02154556 -231.938
249 4.495254 0.994241 0.02154837 -231.825
250 4.492524 0.994362 0.02154121 -231.824
251 4.331772 0.977461 0.01915627 -224.379
252 4.329834 0.977943 0.01914480 -224.190
253 4.493027 0.994272 0.02155931 -231.846
254 4.469046 1.003335 0.02342581 -221.561
255 4.466099 1.002572 0.02336878 -222.321
256 4.494797 0.993959 0.02153690 -231.766
257 4.493202 0.994272 0.02154708 -231.207
258 4.464825 1.003116 0.02335545 -221.613
259 4.492369 0.994361 0.02153461 -230.938
260 4.493971 0.994240 0.02153688 -231.835
261 4.491266 0.994461 0.02152590 -232.212
262 4.469175 1.003090 0.02339201 -221.290
263 4.468567 1.002508 0.02335707 -222.511
264 4.500329 0.994003 0.02156850 -231.970
265 4.494724 0.994227 0.02156448 -232.028
266 4.494176 0.994118 0.02153660 -231.989
267 4.492723 0.994410 0.02157695 -232.064
268 4.464803 1.003167 0.02340390 -221.965
269 4.467985 1.003335 0.02344531 -222.276
270 4.542850 1.010642 0.02544912 -234.137
271 4.541737 1.010953 0.02546541 -233.472
272 4.542331 1.010399 0.02542742 -233.126
273 4.545140 1.011063 0.02544994 -233.825
274 4.465881 1.003182 0.02335981 -221.145
275 4.309316 0.992128 0.01973229 -203.938
276 4.467342 1.002763 0.02340335 -221.586
277 4.311267 0.991491 0.01970645 -204.257
278 4.470111 1.002549 0.02338613 -222.218
279 4.467661 1.002683 0.02341299 -222.912
280 4.467158 1.003187 0.02345394 -221.883
281 4.467796 1.002834 0.02335439 -221.615
282 4.465313 1.003117 0.02339960 -222.447
283 4.306494 0.992059 0.01970049 -205.000
284 4.306547 0.991919 0.01970578 -204.955
285 4.309571 0.992013 0.01970782 -204.740
286 4.466438 1.002873 0.02336946 -221.958
287 4.304260 0.992136 0.01968868 -204.710
288 4.465455 1.002645 0.02339378 -222.296
289 4.466464 1.002945 0.02337728 -222.601
290 4.265950 1.001745 0.02186621 -212.754
291 4.263693 1.002688 0.02186529 -213.757
292 4.264515 1.001915 0.02181668 -213.543
293 4.265655 1.002413 0.02183253 -213.072
294 4.160367 1.122367 0.02233486 -220.667
295 4.263039 1.002507 0.02184283 -213.113
296 4.165472 1.045939 0.02127609 -218.833
297 4.171853 1.040171 0.02134157 -218.173
298 4.475788 0.977063 0.02285232 -211.086
299 4.469728 0.980666 0.02288461 -212.355
300 4.165610 1.043713 0.02129003 -218.056
301 4.171022 1.041110 0.02134481 -218.576
302 4.169528 1.043817 0.02130784 -219.125
303 4.168487 1.039976 0.02132520 -218.100
304 4.166941 1.041063 0.02130053 -218.629
305 4.165690 1.039410 0.02129586 -218.160
306 4.319815 1.053409 0.02166273 -208.409
307 4.168905 1.039320 0.02133167 -218.597
308 4.170008 1.040878 0.02131657 -218.438
309 4.354291 0.991436 0.02112343 -215.537
310 4.349231 0.991941 0.02115644 -216.000
311 4.163962 1.044805 0.02126428 -218.146
312 4.175310 1.042334 0.02134848 -218.767
313 4.706875 0.989221 0.02330507 -227.700
314 4.166955 1.044095 0.02134953 -218.930
315 4.707189 0.986345 0.02330715 -227.235
316 4.705524 0.990626 0.02331435 -227.438
317 4.708578 0.984908 0.02330920 -227.341
318 4.167888 1.044341 0.02132314 -218.782
319 4.169820 1.040988 0.02132915 -218.417
320 4.708064 0.984476 0.02329561 -227.859
321 4.707325 0.988476 0.02331864 -227.750
322 4.709833 0.982826 0.02332304 -226.667
323 4.708363 0.984751 0.02331136 -226.749
324 4.714394 0.994201 0.02364441 -238.849
325 4.719572 0.994855 0.02367668 -240.169
326 4.716148 0.993199 0.02365990 -239.307
327 4.716419 0.994655 0.02364274 -239.850
328 4.706532 0.989033 0.02332075 -227.599
329 4.709691 0.988899 0.02331393 -227.257
330 4.706961 0.988564 0.02330504 -226.991
331 4.706606 0.991061 0.02331521 -226.824
332 4.706624 0.984943 0.02328596 -226.794
333 4.709175 0.986303 0.02331705 -226.721
334 4.706438 0.988256 0.02328592 -227.491
335 4.424896 1.160303 0.02133477 -238.067
336 4.034387 1.173939 0.02066841 -219.145
337 4.428829 1.168432 0.02135985 -237.988
338 4.426071 1.171914 0.02132690 -238.577
339 4.037576 1.190960 0.02071814 -219.679
340 4.038622 1.177660 0.02072439 -220.426
341 4.038298 1.176469 0.02065737 -220.213
342 4.037967 1.170723 0.02073393 -220.168
343 4.210520 1.021961 0.02256478 -236.356
344 4.205122 1.020593 0.02252841 -236.774
345 4.039643 1.176467 0.02071649 -220.459
346 4.206225 1.019906 0.02257203 -236.119
347 4.202886 1.020866 0.02254165 -235.747
348 4.204727 1.020036 0.02253109 -235.854
349 4.207615 1.020736 0.02251973 -235.733
350 4.035117 1.176648 0.02063494 -219.329
351 3.965463 0.996999 0.01569677 -197.327
352 3.967507 1.001121 0.01575144 -197.661
353 3.968794 0.994902 0.01569720 -197.454
354 4.078584 1.053504 0.01981361 -221.817
355 4.129998 1.211493 0.02157712 -223.346
356 4.209141 1.385998 0.02033417 -220.203
357 4.130547 1.210760 0.02161750 -222.966
358 4.129263 1.207984 0.02155591 -223.430
359 4.210458 1.388858 0.02035215 -220.286
360 4.208643 1.380232 0.02034900 -219.310
361 4.131869 1.208553 0.02162100 -223.569
362 4.131123 1.208568 0.02159166 -223.272
363 4.129857 1.209730 0.02160600 -223.814
364 4.197060 1.238848 0.02101676 -216.177
365 4.192664 1.151476 0.02345063 -215.782
366 4.454101 1.091461 0.02444951 -214.541
367 4.454722 1.091548 0.02443716 -214.960
368 4.335326 1.193192 0.02387535 -229.477
369 4.334906 1.190924 0.02388030 -228.985
370 4.331247 1.193571 0.02387659 -229.984
371 4.294538 1.202286 0.02192326 -208.587
372 4.332132 1.193881 0.02386471 -228.938
373 4.333211 1.193177 0.02388540 -229.441
374 4.120835 1.273193 0.02097666 -202.453
375 4.123329 1.272287 0.02093216 -202.389
376 4.124970 1.267546 0.02099174 -202.188
377 4.119894 1.274275 0.02098466 -202.088
378 4.123211 1.267826 0.02095895 -201.475
379 4.120565 1.275462 0.02099230 -202.645
380 4.124456 1.269176 0.02096430 -202.131
381 4.124102 1.265431 0.02096353 -201.575
382 4.254681 0.878221 0.02101136 -209.641
383 4.119803 1.270642 0.02093996 -201.819
384 4.119433 1.270495 0.02094448 -201.952
385 4.254528 0.888377 0.02098954 -209.669
386 4.122760 1.271274 0.02095065 -201.828
387 4.253751 0.887896 0.02107339 -209.779
388 4.123062 1.267725 0.02094162 -201.175
389 4.155680 1.028550 0.01955898 -201.559
390 4.193615 0.860428 0.01922291 -200.675
391 4.193680 0.853702 0.01919243 -200.466
392 4.154417 1.030785 0.01954345 -201.022
393 4.192943 0.856071 0.01918580 -201.550
394 4.192866 0.850834 0.01917528 -201.767
395 4.062292 1.112904 0.01666754 -197.652
396 4.192984 0.856083 0.01916815 -201.297
397 4.198196 0.849711 0.01919011 -201.404
398 4.472559 0.704798 0.01874757 -201.391
399 4.473373 0.700350 0.01871161 -200.876
400 4.471751 0.698424 0.01872672 -200.850
401 4.476347 0.687968 0.01876529 -201.369
402 4.648033 0.186657 0.02116575 -212.340
403 4.472664 0.692478 0.01873969 -201.620
404 4.472788 0.692917 0.01875098 -201.366
405 4.469794 0.695986 0.01873209 -200.969
406 4.202855 0.776988 0.01838487 -208.448
407 4.198145 0.783441 0.01838888 -208.495
408 4.206133 0.777286 0.01842563 -208.109
409 3.897930 0.990673 0.01664503 -191.124
410 3.898015 0.990329 0.01661429 -191.130
411 3.894858 0.990871 0.01661871 -190.693
412 4.181132 0.674022 0.01698682 -206.305
413 4.181954 0.676142 0.01698452 -207.032
414 4.165939 0.721864 0.01691557 -219.609
415 3.968632 0.956713 0.01656174 -223.675
416 4.055968 0.816498 0.01750590 -212.922
417 3.967896 0.962528 0.01656503 -224.335
418 3.963673 1.211202 0.01808879 -211.796
419 3.965153 1.213254 0.01815183 -211.938
420 3.759081 1.137511 0.01699849 -203.641
421 3.761950 1.139786 0.01704272 -204.873
422 3.763047 1.135239 0.01700733 -205.034
423 3.676304 1.095107 0.01411809 -205.493
424 3.674293 1.094239 0.01413895 -204.993
425 3.677490 1.094795 0.01415326 -206.007
426 3.674851 1.097668 0.01412685 -205.416
427 3.616318 1.101280 0.01155968 -192.177
428 3.621677 1.102312 0.01164733 -193.090
429 3.619141 1.101008 0.01159920 -192.439
430 3.778761 0.903310 0.01304319 -205.149
431 3.619509 1.426767 0.01235809 -190.698
432 3.783641 0.898473 0.01309867 -206.048
433 3.784877 0.895058 0.01312939 -205.459
434 3.780352 0.896857 0.01304787 -205.344
435 3.696003 0.731229 0.01194009 -179.324
436 3.694682 0.733886 0.01190392 -178.285
437 3.514072 0.842993 0.00811558 -184.748
438 3.517225 0.849700 0.00817178 -185.371
439 3.497902 0.260715 0.00774365 -176.384
440 3.490928 0.266166 0.00771267 -176.894
441 3.493345 0.261535 0.00771730 -176.425
442 3.493115 0.265225 0.00773259 -176.408
443 3.492816 0.269663 0.00770770 -176.584
444 3.494086 0.258383 0.00772328 -176.951
445 3.492430 0.267748 0.00772602 -176.393
446 3.491325 0.259019 0.00768762 -176.252
447 3.494484 0.262193 0.00771754 -176.207
448 3.493517 0.258714 0.00770838 -176.678
449 3.552957 0.296060 0.00847825 -188.438
450 3.558117 0.287848 0.00850272 -188.430
451 3.800742 0.463924 0.00908235 -184.966
452 3.799596 0.477370 0.00907535 -183.824
453 3.797083 0.484807 0.00905371 -184.125
454 3.799895 0.495513 0.00910952 -184.802
455 3.624797 0.769021 0.00942019 -191.127
456 3.373069 1.049667 0.00881215 -170.541
457 3.371109 1.046824 0.00877070 -169.503
458 3.628912 0.771429 0.00945740 -190.917
459 3.632096 0.775344 0.00948406 -191.270
460 3.626607 0.785502 0.00941402 -191.120
461 3.531008 0.991354 0.00932620 -179.888
462 3.532797 0.990565 0.00930962 -180.023
463 3.533224 0.990649 0.00936825 -180.342
464 3.317765 1.058397 0.00666748 -184.635
465 3.385948 1.050723 0.01069904 -186.025
466 3.313089 1.057062 0.00659459 -183.955
467 3.316033 1.053906 0.00658665 -183.888
468 3.316883 1.055129 0.00662544 -183.870
469 3.255995 0.825285 0.00690270 -163.286
470 3.319068 1.056308 0.00663790 -184.202
471 3.397083 0.987527 0.00676320 -187.966
472 3.182829 1.129511 0.00553924 -169.984
473 3.396686 0.988247 0.00675071 -187.459
474 3.399591 0.986544 0.00679078 -187.832
475 3.400853 0.986424 0.00679524 -187.797
476 3.182655 1.129251 0.00553495 -171.175
477 3.400220 0.987693 0.00678767 -187.727
478 3.183559 1.132224 0.00551902 -169.980
479 3.185452 1.128165 0.00553597 -170.015
480 3.400595 0.987047 0.00678148 -187.623
481 3.183293 1.131322 0.00554817 -170.162
482 3.182963 1.133147 0.00553803 -170.381
483 3.170566 1.195096 0.00659709 -174.872
484 3.184497 1.132077 0.00554089 -169.964
485 3.174615 1.176855 0.00587569 -181.784
486 3.183569 1.131428 0.00553950 -170.308
487 3.181826 1.129349 0.00551695 -170.212
488 3.173322 1.172186 0.00585950 -181.515
489 3.167008 1.179227 0.00583862 -181.375
490 3.175000 1.177381 0.00590930 -182.104
491 3.277600 1.125775 0.00815757 -192.337
492 3.278965 1.125501 0.00820584 -192.419
493 2.966034 1.068180 0.00413728 -155.838
494 3.279319 1.130167 0.00820490 -192.718
495 2.965664 1.065236 0.00413876 -155.851
496 2.967042 1.068342 0.00413232 -155.995
497 2.964507 1.064644 0.00408453 -156.264
498 2.970308 1.064921 0.00414848 -156.022
499 3.260380 1.067472 0.00706435 -180.473
500 3.250185 0.831745 0.00742227 -175.504
501 3.247780 0.825704 0.00736446 -175.221
502 3.248991 0.833518 0.00741927 -176.245
503 3.240281 1.014754 0.00770801 -174.161
504 3.330022 0.951284 0.00972453 -179.881
505 3.333733 0.948004 0.00973257 -180.140
506 3.241130 1.015389 0.00771867 -174.870
507 3.238067 1.015542 0.00768325 -175.589
508 3.238387 0.965722 0.00795067 -177.931
509 3.243195 0.964407 0.00798756 -177.832
510 3.241052 1.014959 0.00770389 -175.065
511 3.239082 1.015462 0.00769370 -175.448
512 3.238860 0.963895 0.00796111 -177.428
513 3.240093 0.961968 0.00796804 -177.590
514 3.363349 1.001165 0.00861018 -195.432
515 3.237961 0.962386 0.00793313 -177.096
516 3.236925 0.963201 0.00792873 -177.269
517 3.065318 1.009268 0.00557024 -174.447
518 3.242097 0.962544 0.00796049 -178.406
519 3.242924 0.964178 0.00798837 -178.044
520 3.243798 0.963795 0.00801984 -177.594
521 3.239352 0.967434 0.00794759 -178.280
522 3.064023 1.010228 0.00556276 -174.422
523 3.239609 0.964416 0.00794926 -177.719
524 3.060284 1.010264 0.00554449 -173.775
525 3.068512 1.009425 0.00561210 -174.457
526 3.068734 1.009605 0.00562492 -174.865
527 3.066228 1.008994 0.00557010 -174.446
528 2.799269 1.007169 0.00378194 -159.080
529 2.800423 1.007688 0.00378134 -160.473
530 2.796206 1.007377 0.00376000 -160.119
531 2.797218 1.007090 0.00376985 -159.874
532 3.069578 1.009900 0.00561305 -174.203
533 3.063815 1.009717 0.00555747 -173.985
534 3.063213 1.010817 0.00555655 -174.584
535 2.797132 1.007079 0.00376233 -159.961
536 2.795589 1.007335 0.00378132 -159.687
537 3.065117 1.009735 0.00556385 -174.114
538 3.064263 1.010055 0.00554751 -173.847
539 2.795624 1.007524 0.00373805 -159.041
540 3.069557 1.009441 0.00559701 -174.578
541 3.064302 1.009999 0.00555146 -174.151
542 3.417872 0.859097 0.00911990 -182.186
543 3.687059 0.974681 0.01138614 -197.530
544 3.475138 0.808890 0.00810655 -200.324
545 3.473370 0.813924 0.00808440 -199.941
546 3.329714 1.008448 0.00844042 -181.517
547 3.329187 1.008381 0.00843918 -182.627
548 3.325959 1.008730 0.00841813 -181.608
549 3.377380 1.001216 0.00787268 -172.648
550 3.648834 0.997107 0.01187727 -193.519
551 3.563242 1.022675 0.01334471 -191.659
552 3.566977 1.022964 0.01337766 -192.074
553 3.710253 0.964438 0.01146158 -172.918
554 3.565214 1.022787 0.01335990 -191.978
555 3.704202 0.962913 0.01138746 -173.369
556 3.707050 0.963485 0.01142645 -173.134
557 3.708357 0.963466 0.01142637 -172.903
558 3.705926 0.964043 0.01139687 -172.467
559 3.709798 0.963627 0.01150307 -173.366
560 3.808649 1.003598 0.01733307 -186.528
561 3.807712 1.003197 0.01735284 -185.855
562 3.807431 1.002931 0.01732501 -186.470
563 3.691425 0.995981 0.01349813 -186.438
564 3.807882 1.002839 0.01736045 -186.711
565 3.807744 1.003994 0.01738343 -186.156
566 3.693024 0.995545 0.01347266 -187.190
567 3.758559 0.977135 0.01235159 -180.848
568 3.689949 1.023107 0.01228198 -192.650
569 3.763022 0.976078 0.01243411 -180.391
570 3.757350 0.976929 0.01235278 -180.900
571 3.757997 0.977113 0.01239218 -180.998
572 3.758469 0.977447 0.01240036 -180.626
573 3.758222 0.976302 0.01239575 -181.291
574 3.691270 1.048022 0.01593496 -202.287
575 3.690083 1.049129 0.01593468 -202.415
576 3.688134 1.049138 0.01590633 -203.000
577 3.729487 1.012216 0.01491942 -208.540
578 4.075058 1.035725 0.01866640 -215.508
579 3.723416 1.083093 0.01245149 -204.798
580 3.616104 1.035455 0.01274060 -187.595
581 3.615821 1.034389 0.01276122 -187.496
582 3.725555 1.084366 0.01245383 -203.971
583 3.608993 1.036142 0.01271760 -187.387
584 3.720997 1.086853 0.01246121 -204.652
585 3.721762 1.085221 0.01242975 -204.283
586 3.614471 1.036044 0.01280326 -187.139
587 3.613504 1.035857 0.01271977 -187.641
588 3.676985 0.959937 0.01301964 -198.600
589 3.645698 0.992374 0.01399682 -203.567
590 3.675459 0.954507 0.01297502 -197.752
591 3.645203 0.993144 0.01395304 -204.775
592 3.643991 0.992698 0.01396542 -203.988
593 3.650477 1.021016 0.01425937 -204.853
594 3.950378 1.007661 0.01903958 -228.137
595 4.029529 1.012930 0.01697933 -203.669
596 3.759086 1.013408 0.01482218 -215.706
597 4.034058 1.012979 0.01700541 -204.021
598 3.762522 1.013314 0.01487618 -216.020
599 3.812241 1.036559 0.01631989 -201.976
600 3.689000 1.016904 0.01266002 -209.940
601 3.815077 1.038299 0.01638754 -202.125
602 3.925256 1.076608 0.01741766 -222.845
603 3.931571 1.073215 0.01744676 -222.995
604 3.927722 1.074157 0.01746330 -223.496
605 4.111874 1.015843 0.01643887 -207.081
606 4.110198 1.015522 0.01644343 -207.459
607 4.106933 1.015686 0.01638001 -207.306
608 4.107941 1.016550 0.01641303 -208.121
609 4.109138 1.015829 0.01640984 -207.501
610 4.107237 1.016224 0.01637070 -207.864
611 3.774498 1.101924 0.01388133 -199.908
612 3.776799 1.098312 0.01388626 -198.918
613 3.773752 1.101620 0.01386355 -200.078
614 3.616664 1.171790 0.01271537 -189.526
615 3.613865 1.170702 0.01268871 -189.193
616 3.614714 1.176423 0.01274668 -188.643
617 3.619108 1.172872 0.01273374 -189.230
618 3.614869 1.176840 0.01268713 -188.730
619 3.551704 1.376951 0.01441429 -194.202
620 3.551398 1.375901 0.01443553 -194.851
621 3.646223 1.010502 0.01114843 -186.758
622 3.550280 1.378159 0.01445133 -194.471
623 3.642546 1.010412 0.01112298 -185.925
624 3.644970 1.012759 0.01111971 -186.002
625 3.645271 1.011180 0.01114684 -186.179
626 3.857059 1.018623 0.01392802 -208.252
627 3.644957 1.009122 0.01114302 -186.299
628 3.858153 1.018504 0.01392162 -208.696
629 3.855802 1.018817 0.01390879 -208.764
630 3.622232 0.994542 0.01136998 -178.072
631 3.626571 0.994466 0.01137206 -178.021
632 3.623863 0.994627 0.01135179 -178.494
633 3.871232 1.023262 0.01346312 -200.101
634 3.872505 1.022564 0.01345837 -200.951
635 3.755146 1.029232 0.01367426 -186.895
636 3.751643 1.030066 0.01364334 -185.768
637 3.555946 1.043077 0.01218706 -188.080
638 3.557512 1.043242 0.01218865 -187.724
639 3.773896 1.013027 0.01273290 -203.672
640 3.770673 1.014309 0.01266555 -202.943
641 3.539937 1.087305 0.01090961 -171.260
642 3.545149 1.085764 0.01096386 -172.205
643 3.542055 1.086483 0.01087818 -171.663
644 3.544856 1.085783 0.01092873 -172.158
645 3.542807 1.087207 0.01091943 -171.534
646 3.539404 1.087445 0.01090806 -171.840
647 3.543528 1.087800 0.01092926 -171.498
648 3.650243 1.087026 0.01239951 -181.271
649 3.540498 1.088642 0.01090394 -171.737
650 3.541792 1.087401 0.01091910 -171.937
651 3.472035 1.087614 0.01109655 -172.992
652 3.471109 1.089047 0.01104635 -173.205
653 3.469071 1.146971 0.01052879 -159.813
654 3.471523 1.086431 0.01106155 -173.478
655 3.472810 1.088273 0.01105123 -173.521
656 3.611207 1.162463 0.01213186 -174.632
657 3.754537 1.055148 0.01427796 -191.230
658 3.602266 1.160903 0.01204060 -174.219
659 3.607093 1.162407 0.01213286 -174.433
660 3.611451 1.161753 0.01216477 -174.838
661 3.741532 1.055404 0.01468792 -196.247
662 3.742591 1.054628 0.01469366 -195.759
663 3.737375 1.056452 0.01465215 -195.912
664 3.607653 1.074742 0.01164161 -176.468
665 3.607519 1.073100 0.01163072 -176.738
666 3.609210 1.074620 0.01165466 -176.605
667 3.624993 1.032074 0.01329308 -202.628
668 3.603982 1.075247 0.01159130 -175.522
669 3.606102 1.074527 0.01160496 -176.490
670 3.604670 1.076378 0.01161240 -175.975
671 3.603429 1.075760 0.01159018 -176.286
672 3.608161 1.074570 0.01162989 -176.182
673 3.606920 1.076447 0.01165382 -176.460
674 3.674509 1.100496 0.01487212 -186.467
675 3.604545 1.076230 0.01161817 -176.457
676 3.607250 1.075691 0.01161212 -176.070
677 3.679360 1.054862 0.01292756 -187.866
678 3.610747 1.056352 0.00974780 -187.121
679 3.613240 1.057096 0.00975886 -186.311
680 3.616254 1.055714 0.00977276 -187.544
681 3.415984 1.103245 0.01068294 -190.395
682 3.416235 1.104518 0.01070130 -190.525
683 3.423011 1.099640 0.01076018 -191.023
684 3.698066 1.018365 0.01384700 -199.307
685 3.515314 1.031558 0.00981602 -191.402
686 3.518197 1.031009 0.00985814 -191.732
687 3.511966 1.031969 0.00980335 -192.106
688 3.510288 1.031226 0.00974730 -191.455
689 3.511092 1.031949 0.00976669 -191.654
690 3.321216 1.090392 0.00801745 -180.461
691 3.510482 1.030723 0.00973852 -191.424
692 3.514354 1.031137 0.00983597 -191.745
693 3.514378 1.031454 0.00982847 -191.709
694 3.495708 1.028330 0.01224071 -196.076
695 3.674015 1.034632 0.01341529 -197.849
696 3.683217 1.026476 0.01503367 -200.639
697 3.669228 1.035052 0.01337401 -197.800
698 3.689828 1.025483 0.01507101 -201.645
699 3.971084 0.947566 0.01622754 -199.709
700 3.685177 1.027159 0.01507436 -201.890
701 3.682468 1.024412 0.01499840 -201.388
702 3.684543 1.026885 0.01504233 -202.257
703 3.690799 1.015618 0.01437467 -195.747
704 3.693886 1.015490 0.01440989 -196.239
705 3.691390 1.016812 0.01434409 -195.803
706 3.605501 1.037520 0.01218323 -180.684
707 3.607218 1.036218 0.01220178 -180.133
708 3.750751 0.968291 0.01430165 -202.972
709 3.748040 0.968795 0.01423656 -202.719
710 3.748171 0.966273 0.01423977 -202.886
711 3.548040 1.052384 0.01214934 -183.282
712 3.548377 1.048787 0.01213996 -182.412
713 3.735309 0.988595 0.01305199 -178.145
714 3.737298 0.988589 0.01307770 -179.246
715 3.738036 0.989098 0.01312619 -179.037
716 3.739491 0.987902 0.01311257 -180.161
717 3.737439 0.988637 0.01307237 -178.135
718 4.031868 0.982850 0.01707800 -202.268
719 4.161670 1.004073 0.01735288 -188.785
720 4.161431 1.004132 0.01734684 -188.907
721 4.165505 1.003600 0.01738434 -189.048
722 4.165146 1.004018 0.01735137 -188.676
723 4.163047 1.004418 0.01733528 -188.922
724 4.165911 1.003081 0.01733800 -188.721
725 4.166657 1.004031 0.01737765 -188.819
726 4.164707 1.004094 0.01736204 -188.781
727 4.149529 1.010442 0.01994840 -212.654
728 4.142165 1.011172 0.01995524 -213.260
729 4.280258 0.970025 0.01757392 -219.426
730 4.130212 0.983777 0.01871403 -207.636
731 4.024692 1.006080 0.01765524 -207.907
732 3.940938 1.005531 0.01761326 -198.210
733 4.027497 1.005228 0.01767097 -207.599
734 4.026517 1.005416 0.01764200 -208.058
735 4.095508 0.995569 0.01805531 -201.203
736 4.097276 0.995700 0.01809077 -201.229
737 4.096518 0.995213 0.01806026 -201.187
738 4.094316 0.996254 0.01806293 -201.486
739 4.090494 0.996520 0.01805061 -201.760
740 3.848351 1.061591 0.01792466 -189.055
741 4.096394 0.995234 0.01804424 -201.665
742 4.141965 0.993372 0.01764769 -197.166
743 4.140805 0.993696 0.01768202 -196.290
744 4.140419 0.993305 0.01761690 -196.071
745 4.138781 0.993149 0.01763247 -196.433
746 3.949676 1.014535 0.01771270 -211.023
747 3.921893 1.001758 0.01736176 -189.928
748 3.924479 1.001670 0.01732056 -190.450
749 3.923210 1.001454 0.01727615 -190.872
750 4.004765 1.009526 0.01720247 -194.652
751 4.000792 1.009627 0.01717577 -193.784
752 3.845776 1.013945 0.01565753 -191.638
753 3.842006 1.013985 0.01559928 -191.011
754 3.843608 1.013469 0.01557873 -191.298
755 3.799507 0.974237 0.01365374 -194.558
756 3.921821 0.929228 0.01430952 -203.993
757 3.728732 1.033845 0.01496019 -192.817
758 3.730681 1.032154 0.01494010 -192.560
759 3.907008 0.988325 0.01570814 -190.330
760 3.949701 0.966023 0.01445045 -200.286
761 3.951314 0.966722 0.01447843 -200.060
762 3.908679 0.988550 0.01572623 -189.983
763 3.909434 0.989250 0.01574102 -190.245
764 3.951798 0.967022 0.01450767 -200.152
765 3.823644 1.021721 0.01766226 -188.935
766 3.822713 1.022825 0.01769555 -188.746
767 3.819793 1.022930 0.01766466 -188.718
768 3.882008 1.002070 0.01636628 -183.712
769 3.825024 1.022491 0.01765725 -188.419
770 3.820199 1.022308 0.01765381 -187.920
771 3.821915 1.022362 0.01766878 -188.791
772 3.822951 1.022245 0.01762689 -188.233
773 3.820561 1.022640 0.01767931 -188.594
774 3.919775 0.999772 0.01723752 -197.003
775 3.823285 1.022333 0.01767347 -189.145
776 3.819631 1.021934 0.01767078 -188.327
777 3.787385 1.001975 0.01633548 -190.970
778 3.784486 1.002182 0.01632893 -190.611
779 3.785405 1.001848 0.01625534 -190.728
780 3.784039 1.001828 0.01626652 -190.571
781 3.745153 0.982010 0.01221507 -182.975
782 3.784926 1.001958 0.01632742 -190.084
783 3.741417 0.983306 0.01220566 -182.435
784 3.743172 0.982367 0.01224127 -183.527
785 3.745372 0.982973 0.01224195 -183.550
786 3.707700 0.990532 0.01228540 -184.612
787 3.744089 0.982760 0.01223822 -182.418
788 3.739659 0.982517 0.01219041 -182.250
789 3.742082 0.983076 0.01225065 -183.165
790 3.741567 0.981395 0.01224185 -183.677
791 3.677075 0.919154 0.01121317 -189.062
792 3.668786 0.915249 0.01115512 -188.264
793 3.206545 1.013936 0.00762048 -173.114
794 3.210019 1.013273 0.00759659 -172.978
795 3.208627 1.013238 0.00756462 -173.488
796 3.677549 0.918714 0.01121020 -188.917
797 3.673605 0.914700 0.01118794 -188.751
798 3.806526 0.994665 0.01253788 -186.301
799 3.804196 0.995240 0.01254309 -186.101
800 3.802017 0.995247 0.01250775 -186.437
801 3.808392 0.994940 0.01255009 -186.139
802 3.805463 0.994911 0.01255898 -185.331
803 3.730531 1.024653 0.01522910 -202.775
804 3.726259 1.024478 0.01516870 -202.819
805 3.732348 1.024628 0.01518727 -203.188
806 3.729710 1.023946 0.01520802 -202.748
807 3.722858 0.990386 0.01456547 -179.143
808 3.830945 0.994743 0.01422081 -187.445
809 3.832572 0.994764 0.01419383 -187.703
810 3.875561 1.010510 0.01534697 -199.111
811 3.879627 1.009913 0.01537557 -199.196
812 3.880902 1.010025 0.01540177 -199.312
813 3.839304 0.999275 0.01517114 -193.432
814 3.837189 0.999083 0.01517082 -194.168
815 3.941361 1.005520 0.01524218 -194.671
816 3.941186 1.004969 0.01519758 -193.272
817 3.874431 1.015195 0.01577293 -192.603
818 3.874002 1.015352 0.01577140 -193.408
819 3.874548 1.014408 0.01572731 -193.014
820 3.875757 1.014777 0.01578054 -193.209
821 3.912960 1.005127 0.01440572 -193.783
822 3.868824 0.996252 0.01530962 -188.380
823 3.912469 1.004658 0.01438922 -193.864
824 3.915069 1.004853 0.01443414 -193.915
825 3.917438 1.005350 0.01605597 -202.984
826 3.919360 1.005295 0.01606252 -202.800
827 3.954216 0.998827 0.01494218 -194.127
828 3.828048 0.992777 0.01362898 -181.773
829 3.828757 0.992299 0.01356800 -181.376
830 3.828278 0.990998 0.01352386 -181.144
831 3.974113 1.008354 0.01733889 -194.833
832 3.975003 1.008040 0.01736199 -195.334
833 3.972010 1.008722 0.01728998 -195.205
834 3.815660 1.040766 0.01433635 -191.989
835 4.014094 1.008893 0.01569783 -203.587
836 4.007313 1.010261 0.01570156 -204.080
837 3.666440 1.053460 0.01378641 -198.428
838 3.663530 1.055237 0.01381004 -197.672
839 3.670152 1.051929 0.01376873 -197.665
840 3.668451 1.052293 0.01383259 -197.759
841 3.827381 1.011214 0.01495373 -206.433
842 3.955036 0.664416 0.01269356 -197.222
843 3.944311 0.871722 0.01181192 -197.112
844 4.263335 0.832875 0.01794101 -223.898
845 4.260391 0.828332 0.01790586 -224.236
846 3.942021 0.875108 0.01177166 -196.683
847 4.083014 0.879890 0.01492428 -207.977
848 3.938355 0.879933 0.01175541 -196.743
849 4.078129 0.890518 0.01492693 -208.356
850 3.896550 0.998775 0.01358097 -191.312
851 4.080039 0.895889 0.01497316 -208.146
852 4.080244 0.887644 0.01493843 -207.421
853 4.079754 0.886954 0.01492641 -207.790
854 3.939879 0.993488 0.01272749 -187.543
855 3.935402 0.992308 0.01428451 -187.937
856 3.940862 0.994818 0.01271459 -186.968
857 3.912180 1.015515 0.01542816 -197.399
858 3.915211 1.013924 0.01542857 -196.599
859 3.871218 1.045322 0.01415681 -207.626
860 3.869701 1.045746 0.01417868 -207.816
861 3.872851 1.045599 0.01419937 -208.143
862 3.930551 1.030761 0.01520415 -213.108
863 3.871106 1.045384 0.01417938 -207.581
864 3.871008 1.046103 0.01419348 -207.888
865 3.871507 1.028500 0.01477725 -192.885
866 3.876558 1.027554 0.01480859 -192.677
867 3.872556 1.026823 0.01470743 -192.629
868 3.873501 1.027364 0.01478404 -192.694
869 3.875790 1.026771 0.01476901 -192.910
870 3.873314 1.027693 0.01479434 -192.653
871 3.887371 1.001981 0.01514695 -205.725
872 3.582373 0.972412 0.01017214 -182.823
873 3.716997 0.943512 0.01283882 -203.926
874 3.711704 0.949216 0.01280236 -204.823
875 3.501151 0.998762 0.01129234 -192.118
876 3.713491 0.948305 0.01282742 -204.946
877 3.499487 0.998479 0.01125563 -191.673
878 3.498463 0.999135 0.01122908 -191.842
879 3.496790 0.998269 0.01126129 -192.140
880 3.497463 0.998565 0.01122897 -191.098
881 3.501280 0.997439 0.01125325 -191.649
882 3.373326 0.949137 0.00852366 -188.324
883 3.265850 0.974806 0.00724168 -185.846
884 3.261968 0.974106 0.00719835 -185.992
885 3.262309 0.973364 0.00722757 -185.491
886 3.107455 1.008449 0.00702865 -175.327
887 3.467458 0.997774 0.01033963 -190.449
888 3.103412 1.009325 0.00696005 -175.899
889 3.205543 0.935858 0.00629708 -174.393
890 3.205820 0.938674 0.00631212 -173.634
891 3.103205 1.008586 0.00698596 -175.444
892 3.202244 0.940937 0.00627431 -174.553
893 3.100738 1.010151 0.00694665 -175.663
894 3.101916 1.008062 0.00694721 -176.030
895 3.004164 1.013995 0.00552306 -174.904
896 2.730263 0.775736 0.00213172 -138.618
897 3.006279 1.014488 0.00554200 -174.325
898 3.008027 1.014583 0.00558290 -174.352
899 3.008098 1.014244 0.00554381 -175.081
900 3.005058 1.014171 0.00551944 -174.694
901 3.009799 1.014081 0.00559419 -173.957
902 3.064998 1.035561 0.00549175 -171.052
903 3.006999 1.014458 0.00556214 -174.784
904 3.062798 1.037041 0.00549287 -170.597
905 3.062984 1.035197 0.00547254 -170.943
906 3.062970 1.036334 0.00549367 -171.601
907 3.063911 1.036853 0.00548105 -170.453
908 3.009814 1.014091 0.00558304 -174.079
909 3.009036 1.014390 0.00558165 -174.528
910 3.009084 1.014127 0.00557854 -174.105
911 3.067930 1.029633 0.00623607 -164.367
912 3.067961 1.029648 0.00619936 -164.953
913 3.079102 1.078863 0.00706985 -176.772
914 3.082126 1.078990 0.00710018 -177.114
915 3.081308 1.080419 0.00714008 -176.667
916 3.071281 1.027725 0.00623637 -164.740
917 3.069151 1.029412 0.00621524 -165.065
918 3.082684 1.079230 0.00709064 -177.466
919 3.019737 0.532396 0.00399988 -169.314
920 3.080526 1.076939 0.00711800 -177.684
921 3.083397 1.078545 0.00712033 -177.446
922 3.015756 0.553058 0.00396103 -168.561
923 3.013623 0.547033 0.00394881 -168.521
924 3.018242 0.537040 0.00399625 -168.533
925 3.080790 1.079593 0.00709392 -177.092
926 3.085527 1.074221 0.00715212 -177.357
927 3.078444 1.077953 0.00709200 -176.997
928 3.017926 0.550130 0.00399000 -168.640
929 3.016518 0.529834 0.00398149 -168.301
930 3.014784 0.539858 0.00395798 -168.811
931 3.018880 0.534266 0.00399742 -168.793
932 3.020706 0.519140 0.00400563 -168.486
933 3.082923 1.077769 0.00712959 -177.192
934 3.039736 1.036178 0.00608991 -163.798
935 3.038400 1.026412 0.00605049 -163.712
936 3.080885 1.077049 0.00711796 -176.978
937 3.037696 1.024874 0.00605890 -163.654
938 3.083863 1.076880 0.00713505 -177.396
939 3.033241 1.026412 0.00599069 -162.839
940 3.036283 1.029689 0.00602991 -163.696
941 3.082397 1.081227 0.00712349 -177.235
942 3.081147 1.072439 0.00711001 -177.594
943 3.079659 1.076835 0.00710928 -176.925
944 3.084247 1.074587 0.00716861 -177.391
945 3.079129 1.078517 0.00709191 -177.258
946 3.075847 1.081020 0.00708840 -176.756
947 3.082019 1.075171 0.00710626 -177.263
948 3.079176 1.078387 0.00711174 -177.079
949 3.079409 1.077068 0.00708274 -176.984
950 3.083044 1.074050 0.00710383 -177.016
951 3.083687 1.077539 0.00713009 -177.008
952 3.079971 1.079281 0.00712984 -177.365
953 3.082407 1.076290 0.00711958 -176.987
954 3.080756 1.078817 0.00707189 -177.582
955 3.079727 1.081336 0.00710244 -177.781
956 3.080587 1.078249 0.00709040 -176.964
957 3.080769 1.072397 0.00712922 -177.843
958 3.079906 1.081008 0.00708904 -176.818
959 3.085440 1.080008 0.00716948 -177.077
960 3.081096 1.073714 0.00713122 -177.778
961 3.164656 1.071594 0.00828600 -171.964
962 3.083284 1.082931 0.00718511 -175.986
963 3.159385 1.072653 0.00819174 -171.645
964 3.163506 1.070983 0.00830266 -171.793
965 3.160863 1.071639 0.00827790 -171.961
966 2.899350 0.656927 0.00303077 -170.432
967 3.167806 1.071082 0.00833928 -172.564
968 3.164558 1.071506 0.00834938 -172.163
969 3.161396 1.071351 0.00829494 -172.521
970 2.900717 0.656763 0.00303596 -171.120
971 3.160294 1.072407 0.00826477 -172.121
972 2.902442 0.656702 0.00305626 -170.528
973 2.900531 0.644572 0.00303206 -170.705
974 2.899236 0.651417 0.00302102 -170.959
975 3.162745 1.071035 0.00827293 -172.425
976 2.899696 0.622554 0.00302360 -169.982
977 2.841274 0.176637 0.00200176 -141.743
978 2.841497 0.176766 0.00200718 -142.245
979 2.903095 0.637871 0.00305056 -170.879
980 2.899297 0.661468 0.00301457 -170.266
981 2.842152 0.185423 0.00201333 -142.639
982 2.902509 0.638888 0.00304999 -171.360
983 2.844873 0.177936 0.00204192 -142.522
984 2.841481 0.178776 0.00201533 -142.716
985 2.838373 0.180255 0.00199296 -141.899
986 2.900085 0.641419 0.00302067 -170.710
987 2.842103 0.176650 0.00202957 -142.522
988 2.898498 0.637256 0.00301026 -170.058
989 2.841719 0.173542 0.00202017 -141.965
990 2.817813 0.091289 0.00186759 -154.612
991 2.813751 0.093199 0.00182878 -154.583
992 2.843155 0.185170 0.00202025 -142.718
993 2.817052 0.091291 0.00184832 -154.845
994 2.816733 0.090893 0.00183971 -155.208
995 2.814999 0.092497 0.00184007 -154.582
996 2.845555 0.181863 0.00204086 -142.694
997 2.840497 0.183941 0.00200861 -142.710
998 2.815861 0.092487 0.00185542 -155.538
999 2.816601 0.092873 0.00185343 -154.920
