#sp   rion       Nb        pii      Viw
0 3.699385 1.141478 0.01483448 -185.395
1 3.665633 1.017142 0.01226753 -184.126
2 4.043288 1.039263 0.01887944 -216.423
3 4.042690 1.039115 0.01889388 -216.577
4 4.042635 1.039425 0.01888274 -216.481
5 4.045135 1.039207 0.01890166 -216.754
6 4.043553 1.039843 0.01887970 -216.653
7 4.043119 1.039173 0.01889223 -216.666
8 3.992983 1.009774 0.01728551 -210.104
9 3.993251 1.009899 0.01727066 -209.845
10 3.993099 1.010082 0.01728121 -210.374
11 3.992502 1.009899 0.01728711 -209.792
12 3.992371 1.010054 0.01725982 -209.890
13 4.108802 1.018089 0.01916556 -206.553
14 3.885857 1.072544 0.01811451 -205.341
15 3.887995 1.072124 0.01814708 -205.098
16 4.235154 1.015365 0.02102859 -213.067
17 4.237946 1.015292 0.02105541 -213.398
18 4.237273 1.015032 0.02106916 -213.401
19 4.235729 1.015368 0.02105178 -212.943
20 4.293495 1.014052 0.02258542 -219.360
21 4.235932 1.015277 0.02106541 -213.160
22 4.294375 1.013978 0.02258638 -219.464
23 4.293589 1.013922 0.02259915 -219.428
24 4.291973 1.014130 0.02257286 -219.513
25 4.420465 1.012238 0.02499373 -226.930
26 4.422264 1.012121 0.02499795 -226.698
27 4.293127 1.014001 0.02257434 -219.324
28 4.293566 1.014012 0.02255987 -219.137
29 4.245248 1.010947 0.02111409 -215.155
30 4.056100 1.006165 0.02000718 -216.737
31 4.248716 1.010410 0.02112581 -215.042
32 4.468224 0.991644 0.02200356 -220.384
33 4.468834 0.991726 0.02202523 -220.084
34 4.468269 0.991526 0.02198547 -219.964
35 4.582132 0.993309 0.02154312 -210.536
36 4.467100 0.991681 0.02199601 -220.047
37 4.468089 0.991541 0.02199063 -219.918
38 4.584338 0.993392 0.02154438 -210.624
39 4.827659 0.950156 0.02247050 -214.437
40 4.827773 0.950137 0.02246466 -214.204
41 4.829493 0.949769 0.02247672 -214.393
42 4.581967 0.993241 0.02154310 -210.304
43 4.830604 0.949375 0.02247469 -214.336
44 4.827523 0.949949 0.02246177 -213.993
45 4.580567 0.993218 0.02155381 -210.299
46 4.828073 0.950035 0.02246421 -215.010
47 4.713177 0.817963 0.02109373 -211.209
48 4.828248 0.950471 0.02247530 -214.424
49 4.712987 0.820188 0.02107905 -211.008
50 4.710796 0.822542 0.02108131 -211.471
51 4.713284 0.822342 0.02110423 -211.253
52 4.712326 0.821884 0.02108280 -211.425
53 4.714289 0.816981 0.02110696 -211.082
54 5.010045 0.901270 0.02291923 -231.897
55 5.010128 0.900124 0.02289802 -232.139
56 4.710758 0.818543 0.02108733 -211.057
57 5.009931 0.900274 0.02291837 -231.846
58 5.009939 0.900040 0.02290217 -231.913
59 5.009237 0.900221 0.02291714 -231.748
60 5.010823 0.899894 0.02291296 -232.005
61 4.765285 0.942560 0.02136591 -220.795
62 4.766350 0.941950 0.02137951 -220.928
63 5.010202 0.899096 0.02290834 -231.821
64 4.843623 0.703950 0.02167436 -224.044
65 4.843841 0.701975 0.02167323 -223.790
66 4.844162 0.703589 0.02168348 -223.650
67 4.842500 0.701642 0.02167696 -223.809
68 4.612148 0.700147 0.02230611 -215.931
69 4.612994 0.702287 0.02229850 -216.376
70 4.614557 0.702265 0.02232635 -216.096
71 4.612936 0.700160 0.02230642 -216.245
72 4.842976 0.705123 0.02167432 -223.885
73 4.845099 0.700918 0.02169305 -224.255
74 4.614148 0.699093 0.02230673 -216.160
75 4.615248 0.700662 0.02232013 -216.026
76 4.845715 0.703812 0.02169889 -223.851
77 4.843863 0.702661 0.02167516 -224.097
78 4.845247 0.703402 0.02169296 -223.765
79 4.615284 0.698849 0.02232483 -216.327
80 4.843406 0.703595 0.02167206 -223.718
81 4.843868 0.704253 0.02168674 -223.930
82 4.844328 0.702617 0.02169297 -224.114
83 4.819300 0.776023 0.02387451 -219.052
84 4.818475 0.775691 0.02388257 -219.475
85 4.843489 0.705351 0.02167014 -223.871
86 4.844367 0.702220 0.02168914 -223.700
87 4.818773 0.775654 0.02389430 -219.490
88 4.818327 0.775804 0.02390015 -219.719
89 4.843220 0.701813 0.02167205 -223.937
90 4.818741 0.775284 0.02389232 -219.867
91 4.820143 0.775459 0.02388532 -219.106
92 4.817681 0.774394 0.02388580 -219.615
93 4.962074 0.626413 0.02286259 -230.040
94 4.961643 0.625970 0.02285883 -230.463
95 4.964747 0.625571 0.02288690 -230.535
96 4.815956 0.776627 0.02387994 -219.433
97 4.818318 0.774986 0.02388382 -219.408
98 4.819366 0.777027 0.02389359 -219.832
99 4.817264 0.777496 0.02388450 -219.554
100 5.050059 0.733808 0.02371065 -233.464
101 4.816056 0.776894 0.02387613 -219.343
102 5.048017 0.730878 0.02371874 -233.680
103 5.048915 0.733332 0.02370625 -233.397
104 5.050180 0.730906 0.02370936 -233.614
105 5.050652 0.731853 0.02370097 -233.477
106 5.050860 0.730798 0.02371173 -233.430
107 4.719019 0.685461 0.02358614 -218.518
108 4.718396 0.686031 0.02357007 -218.092
109 4.718032 0.687726 0.02356672 -218.160
110 5.049879 0.732812 0.02371556 -233.199
111 5.050601 0.731261 0.02370957 -233.372
112 4.938776 0.955496 0.02433163 -237.554
113 4.937893 0.955693 0.02432790 -238.119
114 4.936812 0.955800 0.02432953 -238.015
115 5.050639 0.733463 0.02371899 -233.670
116 4.936318 0.954942 0.02430944 -237.574
117 5.049561 0.733402 0.02371689 -233.582
118 4.924791 0.972466 0.02381004 -219.646
119 4.903967 0.973705 0.02361879 -240.194
120 4.904297 0.973387 0.02362608 -240.558
121 4.903701 0.973308 0.02360121 -239.968
122 4.923890 0.973330 0.02380531 -219.794
123 4.904543 0.973504 0.02360527 -240.029
124 4.904751 0.973509 0.02361993 -240.756
125 5.060087 0.967427 0.02225128 -222.727
126 4.902219 0.973647 0.02360614 -240.287
127 4.904336 0.973227 0.02361388 -240.485
128 5.062012 0.967116 0.02226068 -222.609
129 5.060290 0.967333 0.02223811 -222.442
130 4.903492 0.973488 0.02360753 -240.569
131 5.062115 0.967065 0.02225717 -222.068
132 4.904753 0.973356 0.02362202 -240.206
133 4.905307 0.973660 0.02360171 -240.142
134 4.903597 0.973651 0.02361411 -240.343
135 5.061177 0.967303 0.02226290 -222.914
136 4.900691 0.973823 0.02360055 -240.240
137 4.903086 0.973565 0.02361155 -240.598
138 4.902578 0.973518 0.02362090 -240.098
139 4.903288 0.973750 0.02360880 -240.398
140 4.785528 0.977578 0.02390147 -228.871
141 4.903896 0.973463 0.02360271 -240.669
142 4.903045 0.973430 0.02361973 -239.929
143 4.903102 0.973299 0.02360996 -240.341
144 4.785903 0.977398 0.02390206 -229.089
145 4.783658 0.977413 0.02388795 -229.378
146 4.784862 0.977285 0.02389524 -228.865
147 4.786108 0.977153 0.02389304 -229.349
148 4.903674 0.973339 0.02361039 -240.056
149 4.903914 0.973547 0.02361971 -240.228
150 4.901508 0.973554 0.02360955 -240.226
151 4.783913 0.976938 0.02388406 -229.308
152 4.786417 0.976936 0.02389366 -229.330
153 4.785167 0.977050 0.02388386 -229.055
154 4.784762 0.977640 0.02389378 -229.243
155 4.727656 0.974581 0.02199388 -227.228
156 4.727915 0.975162 0.02200371 -227.545
157 4.730246 0.974754 0.02201562 -227.372
158 4.784294 0.977266 0.02388831 -229.078
159 4.728169 0.975069 0.02201241 -227.333
160 4.632005 0.993201 0.02206335 -215.163
161 4.727810 0.975221 0.02200423 -227.529
162 4.631583 0.992763 0.02203262 -214.833
163 4.631143 0.992983 0.02203187 -215.231
164 4.726632 0.975567 0.02201461 -227.646
165 4.726191 0.975122 0.02199414 -227.120
166 4.725701 0.975487 0.02200817 -227.626
167 4.217304 1.015801 0.02129274 -205.574
168 4.729369 0.974983 0.02201906 -227.182
169 4.220748 1.015636 0.02130722 -205.399
170 4.217289 1.015416 0.02128738 -205.606
171 4.728938 0.975243 0.02200411 -227.196
172 4.221332 1.015416 0.02130829 -205.868
173 4.220508 1.015287 0.02131790 -205.172
174 4.218918 1.015186 0.02128535 -205.337
175 4.401506 0.996737 0.01939295 -207.878
176 4.466492 0.979561 0.01956314 -209.746
177 4.401916 0.996805 0.01940711 -207.883
178 4.403367 0.996430 0.01940240 -208.238
179 4.480433 1.007799 0.02137109 -200.357
180 4.402620 0.996714 0.01938941 -208.035
181 4.480279 1.007529 0.02136460 -200.236
182 4.479288 1.007528 0.02137089 -200.368
183 4.401454 0.996527 0.01940352 -207.842
184 4.400511 0.996702 0.01938973 -207.713
185 4.401426 0.996684 0.01940441 -207.770
186 4.479798 1.007342 0.02137207 -200.332
187 4.402672 0.996590 0.01939909 -207.849
188 4.479960 1.007507 0.02137058 -200.178
189 4.479692 1.007983 0.02137702 -200.045
190 4.400839 0.996645 0.01940139 -207.834
191 4.479095 1.007472 0.02137905 -200.410
192 4.402138 0.996593 0.01940515 -208.065
193 4.479316 1.007497 0.02136471 -200.570
194 4.481715 1.007276 0.02138542 -200.465
195 4.479722 1.007725 0.02138153 -200.583
196 4.478777 1.007662 0.02138686 -200.036
197 4.480305 1.007268 0.02137564 -200.097
198 4.400130 0.996661 0.01940708 -208.019
199 4.404206 0.996647 0.01940936 -207.907
200 4.480245 1.007512 0.02136860 -200.315
201 4.398830 0.996837 0.01940234 -207.834
202 4.482062 1.007413 0.02138942 -200.400
203 4.400714 0.996569 0.01936713 -207.776
204 4.402659 0.996605 0.01938685 -207.786
205 4.401369 0.996580 0.01937885 -208.119
206 4.401509 0.996588 0.01939286 -207.774
207 4.168732 0.988428 0.01668311 -204.858
208 4.167541 0.988412 0.01667040 -205.136
209 4.265780 1.008194 0.02228932 -216.638
210 4.266072 1.008288 0.02225951 -216.255
211 4.265534 1.008092 0.02224513 -215.890
212 4.266333 1.008528 0.02228543 -216.321
213 4.266176 1.008241 0.02225544 -216.295
214 4.266535 1.008293 0.02227740 -216.393
215 4.494181 0.994127 0.02155421 -231.560
216 4.494057 0.994238 0.02156572 -231.662
217 4.495195 0.994051 0.02154737 -231.598
218 4.266800 1.008208 0.02228595 -216.517
219 4.494708 0.994181 0.02155666 -231.696
220 4.494954 0.994074 0.02153503 -231.753
221 4.267238 1.008144 0.02228035 -216.660
222 4.265389 1.008169 0.02226098 -216.263
223 4.494425 0.994084 0.02154391 -231.806
224 4.265688 1.008200 0.02226080 -216.175
225 4.495106 0.994237 0.02156958 -231.870
226 4.494236 0.994269 0.02155868 -231.769
227 4.267141 1.008237 0.02228146 -216.351
228 4.493249 0.994243 0.02154212 -231.648
229 4.265832 1.008272 0.02226431 -216.490
230 4.268004 1.008049 0.02226554 -216.454
231 4.263285 1.008419 0.02225734 -216.486
232 4.266166 1.008558 0.02230102 -216.473
233 4.493354 0.994170 0.02156501 -231.935
234 4.410721 1.010035 0.02482604 -239.757
235 4.494283 0.994276 0.02154862 -231.703
236 4.492177 0.994322 0.02154693 -231.331
237 4.493495 0.994203 0.02154351 -231.602
238 4.492841 0.994136 0.02153525 -231.851
239 4.412270 1.010305 0.02484705 -239.343
240 4.412015 1.009908 0.02481777 -239.690
241 4.494345 0.994255 0.02155842 -231.949
242 4.494085 0.994234 0.02154991 -231.738
243 4.412286 1.010297 0.02482773 -239.343
244 4.411328 1.010650 0.02482884 -239.273
245 4.493981 0.994157 0.02154623 -231.887
246 4.493950 0.994257 0.02156402 -231.803
247 4.492458 0.994142 0.02152502 -231.707
248 4.492668 0.994251 0.02154689 -231.862
249 4.494624 0.994220 0.02154819 -231.795
250 4.493266 0.994281 0.02154470 -231.707
251 4.331979 0.977427 0.01915302 -224.035
252 4.331004 0.977672 0.01914731 -223.904
253 4.493507 0.994237 0.02155368 -231.767
254 4.468314 1.003146 0.02341185 -221.657
255 4.466842 1.002766 0.02338330 -222.052
256 4.494398 0.994080 0.02154255 -231.739
257 4.493598 0.994237 0.02154765 -231.465
258 4.466211 1.003039 0.02337667 -221.637
259 4.493180 0.994281 0.02154138 -231.420
260 4.493988 0.994221 0.02154253 -231.842
261 4.492644 0.994332 0.02153711 -231.921
262 4.468385 1.003027 0.02339495 -221.564
263 4.468083 1.002733 0.02337745 -222.205
264 4.497161 0.994103 0.02155837 -231.826
265 4.494357 0.994215 0.02155632 -231.871
266 4.494084 0.994160 0.02154233 -231.899
267 4.493357 0.994306 0.02156256 -231.912
268 4.466198 1.003064 0.02340094 -221.858
269 4.467782 1.003149 0.02342162 -222.119
270 4.543439 1.010682 0.02545526 -234.110
271 4.542887 1.010835 0.02546340 -233.748
272 4.543178 1.010558 0.02544448 -233.590
273 4.544595 1.010890 0.02545570 -233.853
274 4.466734 1.003072 0.02337883 -221.438
275 4.309128 0.991995 0.01971881 -204.233
276 4.467463 1.002862 0.02340050 -221.678
277 4.310098 0.991678 0.01970585 -204.436
278 4.468846 1.002757 0.02339190 -222.008
279 4.467624 1.002821 0.02340541 -222.306
280 4.467375 1.003075 0.02342575 -221.915
281 4.467688 1.002899 0.02337604 -221.678
282 4.466454 1.003041 0.02339869 -222.058
283 4.307720 0.991953 0.01970294 -204.825
284 4.307748 0.991890 0.01970560 -204.795
285 4.309259 0.991937 0.01970659 -204.658
286 4.467010 1.002919 0.02338358 -221.936
287 4.306603 0.991998 0.01969710 -204.665
288 4.466529 1.002803 0.02339580 -222.080
289 4.467029 1.002955 0.02338751 -222.147
290 4.265495 1.001978 0.02185965 -213.073
291 4.264367 1.002449 0.02185916 -213.540
292 4.264776 1.002069 0.02183512 -213.468
293 4.265353 1.002316 0.02184308 -213.121
294 4.161464 1.123388 0.02234395 -220.685
295 4.264041 1.002364 0.02184818 -213.227
296 4.166870 1.043803 0.02129646 -218.694
297 4.170057 1.040955 0.02132915 -218.405
298 4.474169 0.977265 0.02285141 -211.404
299 4.471143 0.979038 0.02286754 -212.081
300 4.166941 1.042701 0.02130326 -218.330
301 4.169646 1.041399 0.02133076 -218.506
302 4.168901 1.042743 0.02131221 -218.793
303 4.168381 1.040824 0.02132087 -218.359
304 4.167602 1.041376 0.02130857 -218.554
305 4.166981 1.040536 0.02130624 -218.352
306 4.319861 1.052866 0.02167961 -208.262
307 4.168588 1.040491 0.02132413 -218.566
308 4.169140 1.041283 0.02131653 -218.510
309 4.353571 0.991820 0.02114853 -215.599
310 4.351041 0.992074 0.02116517 -215.624
311 4.166116 1.043226 0.02129046 -218.293
312 4.171787 1.042007 0.02133253 -218.613
313 4.707254 0.988029 0.02330820 -227.365
314 4.167609 1.042877 0.02133300 -218.706
315 4.707412 0.986576 0.02330921 -227.171
316 4.706581 0.988699 0.02331283 -227.269
317 4.708110 0.985840 0.02331025 -227.233
318 4.168074 1.043001 0.02131983 -218.670
319 4.169048 1.041337 0.02132287 -218.514
320 4.707854 0.985631 0.02330345 -227.458
321 4.707481 0.987627 0.02331496 -227.428
322 4.708739 0.984770 0.02331718 -226.869
323 4.708007 0.985758 0.02331137 -226.852
324 4.715500 0.994050 0.02364685 -239.177
325 4.718083 0.994372 0.02366295 -239.860
326 4.716372 0.993539 0.02365451 -239.325
327 4.716508 0.994273 0.02364597 -239.557
328 4.707082 0.987895 0.02331603 -227.295
329 4.708673 0.987837 0.02331267 -227.268
330 4.707298 0.987669 0.02330817 -227.083
331 4.707121 0.988890 0.02331328 -226.938
332 4.707127 0.985865 0.02329859 -227.051
333 4.708407 0.986549 0.02331413 -227.030
334 4.707045 0.987523 0.02329868 -227.295
335 4.426219 1.162603 0.02133506 -238.111
336 4.035693 1.175610 0.02068801 -219.457
337 4.428181 1.166667 0.02134760 -238.075
338 4.426803 1.168400 0.02133108 -238.346
339 4.037301 1.184041 0.02071294 -219.782
340 4.037811 1.177484 0.02071596 -220.139
341 4.037658 1.177002 0.02068231 -219.996
342 4.037492 1.174107 0.02072061 -219.981
343 4.208347 1.021511 0.02255664 -236.115
344 4.205633 1.020831 0.02253838 -236.264
345 4.038326 1.177001 0.02071187 -220.074
346 4.206190 1.020478 0.02256020 -235.965
347 4.204517 1.020967 0.02254504 -235.857
348 4.205436 1.020545 0.02253968 -235.807
349 4.206887 1.020900 0.02253400 -235.781
350 4.036066 1.177097 0.02067124 -219.566
351 3.965182 0.997659 0.01570127 -197.387
352 3.966203 0.999720 0.01572865 -197.629
353 3.966840 0.996613 0.01570145 -197.418
354 4.077805 1.053117 0.01979363 -221.858
355 4.129749 1.210219 0.02159153 -223.269
356 4.209782 1.385194 0.02034028 -220.186
357 4.130027 1.209857 0.02161175 -223.173
358 4.129386 1.208471 0.02158091 -223.394
359 4.210427 1.386599 0.02034919 -220.301
360 4.209528 1.382284 0.02034768 -219.761
361 4.130683 1.208757 0.02161345 -223.431
362 4.130306 1.208780 0.02159880 -223.358
363 4.129675 1.209350 0.02160593 -223.735
364 4.196009 1.240412 0.02099803 -216.327
365 4.191671 1.151223 0.02344263 -215.407
366 4.453254 1.091149 0.02444194 -214.992
367 4.453565 1.091202 0.02443599 -215.149
368 4.334543 1.193168 0.02388188 -229.430
369 4.334347 1.192039 0.02388448 -229.125
370 4.332512 1.193363 0.02388255 -229.743
371 4.292776 1.202189 0.02190106 -208.697
372 4.332957 1.193525 0.02387666 -229.165
373 4.333487 1.193168 0.02388690 -229.474
374 4.121768 1.271639 0.02097285 -202.165
375 4.123019 1.271212 0.02095057 -202.168
376 4.123833 1.268842 0.02098030 -201.892
377 4.121294 1.272202 0.02097676 -201.925
378 4.122952 1.268982 0.02096390 -201.627
379 4.121635 1.272814 0.02098060 -202.162
380 4.123585 1.269649 0.02096669 -201.902
381 4.123399 1.267790 0.02096628 -201.721
382 4.254309 0.880537 0.02102023 -209.690
383 4.121257 1.270378 0.02095456 -201.768
384 4.121071 1.270306 0.02095673 -201.830
385 4.254237 0.885621 0.02100932 -209.659
386 4.122730 1.270700 0.02095983 -201.905
387 4.253842 0.885369 0.02105124 -209.662
388 4.122877 1.268939 0.02095530 -201.589
389 4.154946 1.030511 0.01955460 -201.286
390 4.193021 0.856950 0.01920416 -201.081
391 4.193053 0.853581 0.01918903 -200.946
392 4.154311 1.031632 0.01954686 -200.968
393 4.192687 0.854760 0.01918572 -201.450
394 4.192655 0.852142 0.01918031 -201.540
395 4.063600 1.111791 0.01668596 -197.443
396 4.192711 0.854770 0.01917677 -201.355
397 4.195310 0.851572 0.01918763 -201.440
398 4.472154 0.700860 0.01874124 -201.370
399 4.472558 0.698633 0.01872330 -201.008
400 4.471750 0.697671 0.01873086 -201.076
401 4.474047 0.692451 0.01875015 -201.394
402 4.648389 0.187816 0.02116765 -212.122
403 4.472197 0.694690 0.01873730 -201.523
404 4.472268 0.694923 0.01874299 -201.343
405 4.470768 0.696454 0.01873352 -201.241
406 4.202645 0.778334 0.01839090 -208.539
407 4.200284 0.781573 0.01839299 -208.530
408 4.204289 0.778472 0.01841136 -208.264
409 3.895913 0.991473 0.01662666 -190.930
410 3.895952 0.991293 0.01661132 -190.994
411 3.894374 0.991570 0.01661351 -190.744
412 4.180995 0.675390 0.01698243 -206.480
413 4.181408 0.676410 0.01698114 -206.756
414 4.167083 0.720585 0.01692113 -219.305
415 3.968301 0.957533 0.01655456 -223.728
416 4.055182 0.815809 0.01748847 -213.082
417 3.967927 0.960459 0.01655603 -224.070
418 3.964510 1.212344 0.01810100 -211.742
419 3.965240 1.213374 0.01813272 -211.676
420 3.759580 1.137403 0.01700305 -204.162
421 3.761012 1.138543 0.01702517 -204.733
422 3.761557 1.136266 0.01700739 -204.714
423 3.676075 1.095748 0.01412930 -205.607
424 3.675074 1.095307 0.01413979 -205.293
425 3.676669 1.095598 0.01414696 -205.790
426 3.675356 1.097030 0.01413387 -205.533
427 3.616283 1.101283 0.01157115 -192.026
428 3.618963 1.101815 0.01161500 -192.531
429 3.617687 1.101159 0.01159087 -192.151
430 3.780184 0.899014 0.01305137 -205.244
431 3.620737 1.422216 0.01237395 -190.686
432 3.782632 0.896540 0.01307912 -205.635
433 3.783246 0.894818 0.01309453 -205.416
434 3.780981 0.895721 0.01305370 -205.394
435 3.695669 0.730267 0.01194685 -179.328
436 3.695010 0.731606 0.01192887 -178.745
437 3.514263 0.846221 0.00812757 -184.909
438 3.515834 0.849487 0.00815573 -185.352
439 3.495580 0.261010 0.00773096 -176.434
440 3.492095 0.263724 0.00771547 -176.666
441 3.493301 0.261425 0.00771775 -176.464
442 3.493194 0.263246 0.00772547 -176.454
443 3.493039 0.265425 0.00771301 -176.573
444 3.493673 0.259843 0.00772078 -176.625
445 3.492843 0.264507 0.00772210 -176.404
446 3.492291 0.260161 0.00770292 -176.434
447 3.493874 0.261692 0.00771789 -176.460
448 3.493394 0.260004 0.00771338 -176.571
449 3.553774 0.294616 0.00848774 -188.584
450 3.556361 0.290510 0.00850011 -188.507
451 3.800005 0.472571 0.00907875 -184.672
452 3.799426 0.479222 0.00907504 -184.156
453 3.798179 0.482946 0.00906434 -184.304
454 3.799580 0.488319 0.00909225 -184.576
455 3.626074 0.770402 0.00942666 -190.952
456 3.372248 1.048809 0.00879953 -170.055
457 3.371269 1.047380 0.00877870 -169.554
458 3.628130 0.771598 0.00944522 -190.905
459 3.629728 0.773561 0.00945865 -191.087
460 3.626977 0.778731 0.00942354 -191.067
461 3.532662 0.990857 0.00934036 -180.095
462 3.533556 0.990459 0.00933201 -180.046
463 3.533765 0.990503 0.00936130 -180.242
464 3.317357 1.057658 0.00664915 -184.336
465 3.386529 1.049907 0.01070267 -186.324
466 3.315029 1.056992 0.00661279 -183.974
467 3.316490 1.055416 0.00660867 -183.901
468 3.316918 1.056024 0.00662816 -183.913
469 3.256386 0.820415 0.00689407 -163.596
470 3.318014 1.056610 0.00663440 -184.158
471 3.398031 0.987400 0.00677126 -187.883
472 3.183293 1.130103 0.00553645 -170.016
473 3.397835 0.987759 0.00676496 -187.653
474 3.399281 0.986912 0.00678495 -187.741
475 3.399916 0.986846 0.00678720 -187.724
476 3.183206 1.129966 0.00553428 -170.589
477 3.399599 0.987484 0.00678338 -187.795
478 3.183660 1.131458 0.00552634 -170.041
479 3.184610 1.129441 0.00553485 -170.030
480 3.399782 0.987163 0.00678027 -187.669
481 3.183526 1.131008 0.00554089 -170.133
482 3.183358 1.131941 0.00553584 -170.141
483 3.170567 1.195043 0.00660965 -175.086
484 3.184126 1.131393 0.00553729 -169.965
485 3.172624 1.177988 0.00586644 -181.750
486 3.183666 1.131063 0.00553658 -170.249
487 3.182799 1.130010 0.00552533 -170.204
488 3.171975 1.175653 0.00585832 -181.682
489 3.168823 1.179169 0.00584791 -181.520
490 3.172813 1.178251 0.00588317 -181.906
491 3.278611 1.126777 0.00818758 -192.626
492 3.279292 1.126642 0.00821179 -192.618
493 2.966168 1.067683 0.00413014 -155.996
494 3.279482 1.128981 0.00821148 -192.815
495 2.965986 1.066202 0.00413080 -155.868
496 2.966673 1.067751 0.00412757 -156.002
497 2.965403 1.065932 0.00410365 -156.062
498 2.968310 1.066059 0.00413574 -155.981
499 3.260999 1.068268 0.00707052 -180.432
500 3.250030 0.831568 0.00741870 -175.513
501 3.248831 0.828534 0.00738986 -175.555
502 3.249439 0.832425 0.00741737 -176.036
503 3.239498 1.015022 0.00769898 -174.580
504 3.331020 0.949866 0.00972819 -179.748
505 3.332878 0.948210 0.00973221 -179.890
506 3.239928 1.015342 0.00770440 -174.793
507 3.238392 1.015418 0.00768670 -175.096
508 3.239309 0.964905 0.00795669 -177.874
509 3.241708 0.964244 0.00797510 -177.804
510 3.239885 1.015128 0.00769706 -174.889
511 3.238898 1.015377 0.00769188 -175.180
512 3.239541 0.963988 0.00796190 -177.700
513 3.240153 0.963034 0.00796524 -177.695
514 3.363935 1.001346 0.00860533 -195.381
515 3.239080 0.963245 0.00794779 -177.397
516 3.238575 0.963643 0.00794574 -177.620
517 3.065402 1.009533 0.00557143 -174.259
518 3.241158 0.963322 0.00796163 -178.128
519 3.241572 0.964130 0.00797545 -178.013
520 3.242012 0.963935 0.00799118 -177.787
521 3.239789 0.965787 0.00795514 -177.990
522 3.064750 1.010013 0.00556770 -174.315
523 3.239913 0.964246 0.00795591 -177.740
524 3.062881 1.010033 0.00555858 -173.936
525 3.066993 1.009615 0.00559236 -174.267
526 3.067098 1.009706 0.00559865 -174.491
527 3.065850 1.009404 0.00557135 -174.342
528 2.798225 1.007216 0.00377747 -159.447
529 2.798800 1.007475 0.00377715 -160.122
530 2.796690 1.007320 0.00376638 -160.043
531 2.797200 1.007177 0.00377138 -159.872
532 3.067524 1.009855 0.00559285 -174.138
533 3.064648 1.009761 0.00556502 -174.001
534 3.064343 1.010312 0.00556464 -174.390
535 2.797151 1.007170 0.00376758 -159.854
536 2.796386 1.007299 0.00377714 -159.807
537 3.065294 1.009771 0.00556821 -174.172
538 3.064868 1.009930 0.00556009 -174.074
539 2.796401 1.007393 0.00375549 -159.439
540 3.067517 1.009624 0.00558479 -174.377
541 3.064882 1.009903 0.00556198 -174.139
542 3.416191 0.860139 0.00909939 -182.375
543 3.688188 0.974726 0.01140035 -197.538
544 3.474977 0.808741 0.00809741 -200.097
545 3.474090 0.811262 0.00808634 -200.048
546 3.329743 1.008424 0.00844646 -181.789
547 3.329476 1.008390 0.00844573 -182.323
548 3.327870 1.008563 0.00843524 -181.811
549 3.375971 1.001161 0.00785828 -172.636
550 3.649572 0.996681 0.01187424 -193.149
551 3.564621 1.022682 0.01337692 -191.738
552 3.566485 1.022827 0.01339326 -191.938
553 3.709223 0.963655 0.01144941 -172.974
554 3.565604 1.022738 0.01338440 -191.867
555 3.706201 0.962893 0.01141239 -173.183
556 3.707622 0.963178 0.01143185 -173.088
557 3.708271 0.963162 0.01143173 -173.008
558 3.707066 0.963452 0.01141720 -172.820
559 3.708999 0.963242 0.01147014 -173.202
560 3.808020 1.003489 0.01733868 -186.494
561 3.807556 1.003289 0.01734862 -186.126
562 3.807421 1.003156 0.01733483 -186.406
563 3.691836 0.995971 0.01349859 -186.983
564 3.807639 1.003111 0.01735244 -186.597
565 3.807569 1.003688 0.01736396 -186.267
566 3.692636 0.995754 0.01348580 -187.437
567 3.758825 0.976844 0.01236320 -180.827
568 3.688361 1.023707 0.01228455 -192.519
569 3.761045 0.976315 0.01240432 -180.675
570 3.758209 0.976740 0.01236361 -180.794
571 3.758537 0.976829 0.01238332 -180.898
572 3.758771 0.977002 0.01238743 -180.738
573 3.758650 0.976427 0.01238512 -180.944
574 3.690048 1.048511 0.01592695 -202.302
575 3.689462 1.049064 0.01592706 -202.180
576 3.688493 1.049068 0.01591290 -202.593
577 3.727070 1.012449 0.01490177 -208.343
578 4.076824 1.035024 0.01870772 -215.521
579 3.723613 1.083757 0.01245384 -204.764
580 3.614451 1.035765 0.01273884 -187.623
581 3.614309 1.035230 0.01274915 -187.553
582 3.724688 1.084393 0.01245515 -204.266
583 3.610899 1.036109 0.01272739 -187.475
584 3.722410 1.085641 0.01245877 -204.723
585 3.722789 1.084827 0.01244311 -204.474
586 3.613637 1.036061 0.01277023 -187.319
587 3.613145 1.035967 0.01272832 -187.571
588 3.677799 0.956905 0.01302353 -198.472
589 3.645849 0.992479 0.01397646 -203.975
590 3.677040 0.954139 0.01300109 -198.042
591 3.645596 0.992868 0.01395458 -204.586
592 3.644999 0.992643 0.01396079 -204.215
593 3.648305 1.021068 0.01422235 -204.803
594 3.950038 1.007580 0.01905533 -228.209
595 4.031192 1.012868 0.01699074 -203.780
596 3.759388 1.013433 0.01482269 -215.695
597 4.033446 1.012898 0.01700405 -203.906
598 3.761110 1.013387 0.01484969 -215.965
599 3.812620 1.036862 0.01634250 -202.215
600 3.688101 1.017328 0.01265959 -209.711
601 3.814044 1.037729 0.01637622 -202.366
602 3.926508 1.075598 0.01743591 -222.829
603 3.929665 1.073913 0.01745046 -222.913
604 3.927733 1.074387 0.01745881 -223.118
605 4.111004 1.015800 0.01642819 -207.188
606 4.110160 1.015641 0.01643047 -207.464
607 4.108534 1.015720 0.01639877 -207.361
608 4.109041 1.016153 0.01641537 -207.816
609 4.109635 1.015792 0.01641376 -207.442
610 4.108688 1.015988 0.01639423 -207.722
611 3.774725 1.100966 0.01388178 -199.688
612 3.775884 1.099158 0.01388429 -199.204
613 3.774358 1.100815 0.01387294 -199.677
614 3.616115 1.172782 0.01271156 -189.369
615 3.614719 1.172228 0.01269820 -189.183
616 3.615146 1.175088 0.01272718 -188.946
617 3.617341 1.173320 0.01272076 -189.211
618 3.615228 1.175291 0.01269751 -189.019
619 3.551237 1.377713 0.01442675 -194.399
620 3.551087 1.377195 0.01443730 -194.855
621 3.644331 1.011422 0.01113116 -186.339
622 3.550528 1.378315 0.01444523 -194.578
623 3.642492 1.011385 0.01111845 -186.053
624 3.643709 1.012553 0.01111666 -186.012
625 3.643845 1.011765 0.01113015 -186.085
626 3.857397 1.018532 0.01392563 -208.623
627 3.643695 1.010732 0.01112835 -186.180
628 3.857946 1.018473 0.01392242 -208.824
629 3.856769 1.018634 0.01391597 -208.964
630 3.621942 0.994637 0.01134534 -177.904
631 3.624101 0.994583 0.01134611 -177.844
632 3.622749 0.994662 0.01133592 -178.148
633 3.872590 1.022782 0.01346165 -200.434
634 3.873217 1.022433 0.01345919 -200.786
635 3.755486 1.029261 0.01367601 -186.830
636 3.753725 1.029679 0.01366018 -186.211
637 3.556083 1.043487 0.01219400 -187.918
638 3.556860 1.043572 0.01219473 -187.670
639 3.773474 1.013434 0.01272437 -203.389
640 3.771863 1.014073 0.01269042 -203.013
641 3.541578 1.086893 0.01091396 -171.432
642 3.544175 1.086127 0.01094097 -171.815
643 3.542642 1.086484 0.01089825 -171.628
644 3.544028 1.086140 0.01092333 -171.839
645 3.543008 1.086839 0.01091873 -171.586
646 3.541311 1.086966 0.01091313 -171.741
647 3.543371 1.087141 0.01092365 -171.595
648 3.650758 1.087190 0.01239032 -181.020
649 3.541858 1.087559 0.01091111 -171.701
650 3.542508 1.086946 0.01091865 -171.723
651 3.471679 1.087572 0.01107816 -173.289
652 3.471213 1.088286 0.01105293 -173.431
653 3.468217 1.147926 0.01049514 -159.717
654 3.471417 1.086981 0.01106052 -173.544
655 3.472062 1.087897 0.01105537 -173.588
656 3.610320 1.162414 0.01213237 -174.715
657 3.753781 1.054925 0.01426315 -191.472
658 3.605851 1.161632 0.01208696 -174.520
659 3.608261 1.162383 0.01213299 -174.626
660 3.610445 1.162057 0.01214893 -174.734
661 3.740126 1.055605 0.01467893 -196.105
662 3.740655 1.055217 0.01468208 -195.894
663 3.738051 1.056126 0.01466120 -195.978
664 3.606842 1.074858 0.01162956 -176.395
665 3.606785 1.074033 0.01162421 -176.572
666 3.607616 1.074810 0.01163622 -176.425
667 3.624549 1.032168 0.01326975 -202.572
668 3.605014 1.075119 0.01160462 -175.939
669 3.606067 1.074761 0.01161140 -176.451
670 3.605356 1.075685 0.01161519 -176.212
671 3.604737 1.075377 0.01160407 -176.308
672 3.607101 1.074785 0.01162402 -176.299
673 3.606480 1.075720 0.01163590 -176.414
674 3.674353 1.100356 0.01487149 -186.126
675 3.605295 1.075614 0.01161809 -176.471
676 3.606652 1.075348 0.01161508 -176.165
677 3.679763 1.055350 0.01296167 -187.959
678 3.612699 1.055820 0.00976013 -187.036
679 3.613951 1.056200 0.00976570 -186.631
680 3.615457 1.055489 0.00977271 -187.200
681 3.416770 1.103405 0.01069360 -190.670
682 3.416895 1.104042 0.01070290 -190.693
683 3.420286 1.101595 0.01073253 -191.024
684 3.698631 1.018428 0.01387301 -199.514
685 3.514392 1.031442 0.00981056 -191.598
686 3.515841 1.031168 0.00983164 -191.856
687 3.512727 1.031650 0.00980426 -192.017
688 3.511891 1.031278 0.00977629 -191.752
689 3.512288 1.031637 0.00978596 -191.898
690 3.321762 1.090903 0.00804343 -180.289
691 3.511985 1.031028 0.00977185 -191.810
692 3.513912 1.031234 0.00982047 -191.826
693 3.513936 1.031392 0.00981690 -191.785
694 3.494187 1.028200 0.01221757 -196.083
695 3.673860 1.034338 0.01340897 -197.775
696 3.683608 1.026070 0.01503896 -201.072
697 3.671472 1.034547 0.01338866 -197.811
698 3.686905 1.025560 0.01505757 -201.554
699 3.970682 0.947402 0.01622699 -199.555
700 3.684584 1.026405 0.01505958 -201.754
701 3.683223 1.025052 0.01502145 -201.445
702 3.684266 1.026264 0.01504347 -201.827
703 3.691791 1.015852 0.01437523 -195.838
704 3.693321 1.015793 0.01439320 -195.991
705 3.692084 1.016462 0.01436045 -195.801
706 3.605664 1.037257 0.01218238 -180.497
707 3.606527 1.036603 0.01219165 -180.186
708 3.750287 0.967234 0.01427484 -202.831
709 3.748934 0.967481 0.01424244 -202.800
710 3.749000 0.966204 0.01424395 -202.885
711 3.547381 1.051697 0.01214598 -183.080
712 3.547551 1.049892 0.01214131 -182.561
713 3.736615 0.988500 0.01307634 -178.611
714 3.737624 0.988502 0.01308938 -179.100
715 3.737986 0.988757 0.01311356 -179.030
716 3.738716 0.988162 0.01310677 -179.557
717 3.737691 0.988531 0.01308666 -178.500
718 4.032036 0.982575 0.01708087 -202.294
719 4.162995 1.003928 0.01735147 -188.718
720 4.162873 1.003961 0.01734868 -188.849
721 4.164919 1.003691 0.01736746 -188.858
722 4.164732 1.003909 0.01735100 -188.700
723 4.163686 1.004103 0.01734293 -188.756
724 4.165115 1.003431 0.01734427 -188.719
725 4.165488 1.003910 0.01736417 -188.809
726 4.164513 1.003940 0.01735632 -188.667
727 4.148216 1.010796 0.01996188 -212.704
728 4.144525 1.011162 0.01996528 -212.922
729 4.279931 0.970193 0.01756741 -219.388
730 4.131074 0.983611 0.01872414 -207.560
731 4.024895 1.005961 0.01765124 -207.853
732 3.940646 1.005804 0.01763549 -198.669
733 4.026298 1.005539 0.01765908 -207.627
734 4.025814 1.005625 0.01764456 -207.856
735 4.094640 0.995604 0.01804879 -201.552
736 4.095513 0.995673 0.01806634 -201.461
737 4.095134 0.995434 0.01805116 -201.547
738 4.094043 0.995949 0.01805254 -201.661
739 4.092131 0.996079 0.01804634 -201.782
740 3.847725 1.061427 0.01791632 -189.211
741 4.095079 0.995437 0.01804316 -201.745
742 4.140594 0.993462 0.01764050 -196.784
743 4.140021 0.993623 0.01765770 -196.353
744 4.139829 0.993428 0.01762520 -196.280
745 4.139003 0.993354 0.01763292 -196.446
746 3.950552 1.014405 0.01770601 -211.072
747 3.922288 1.001695 0.01733660 -190.468
748 3.923577 1.001651 0.01731602 -190.681
749 3.922957 1.001543 0.01729427 -190.736
750 4.003716 1.009592 0.01719470 -194.413
751 4.001725 1.009641 0.01718138 -193.948
752 3.845696 1.013765 0.01564354 -191.452
753 3.843815 1.013785 0.01561445 -191.090
754 3.844609 1.013529 0.01560418 -191.263
755 3.798847 0.975409 0.01365363 -194.250
756 3.922347 0.928010 0.01429890 -204.426
757 3.728927 1.033469 0.01495245 -192.619
758 3.729907 1.032620 0.01494234 -192.522
759 3.907017 0.989008 0.01572593 -190.189
760 3.950441 0.965991 0.01445073 -200.078
761 3.951243 0.966334 0.01446465 -200.025
762 3.907848 0.989149 0.01573521 -190.009
763 3.908232 0.989495 0.01574271 -190.052
764 3.951488 0.966488 0.01447932 -200.113
765 3.822833 1.021989 0.01766247 -188.673
766 3.822357 1.022542 0.01767892 -188.613
767 3.820900 1.022591 0.01766357 -188.642
768 3.882433 1.002037 0.01635407 -183.743
769 3.823515 1.022376 0.01765975 -188.469
770 3.821103 1.022285 0.01765807 -188.312
771 3.821958 1.022312 0.01766561 -188.822
772 3.822481 1.022252 0.01764461 -188.399
773 3.821281 1.022450 0.01767081 -188.590
774 3.920352 0.999522 0.01723608 -196.977
775 3.822656 1.022297 0.01766800 -188.860
776 3.820818 1.022097 0.01766660 -188.486
777 3.786151 1.002001 0.01632817 -190.626
778 3.784694 1.002105 0.01632493 -190.432
779 3.785166 1.001938 0.01628826 -190.537
780 3.784478 1.001928 0.01629348 -190.469
781 3.744102 0.982447 0.01222853 -183.146
782 3.784923 1.001991 0.01632386 -190.215
783 3.742225 0.983091 0.01222378 -182.803
784 3.743105 0.982620 0.01224161 -183.285
785 3.744208 0.982918 0.01224183 -183.369
786 3.708250 0.990338 0.01229538 -184.418
787 3.743575 0.982814 0.01224010 -182.814
788 3.741352 0.982693 0.01221613 -182.711
789 3.742562 0.982971 0.01224624 -183.137
790 3.742306 0.982140 0.01224186 -183.370
791 3.676053 0.918114 0.01120428 -188.970
792 3.671908 0.916161 0.01117539 -188.661
793 3.207786 1.013668 0.00761237 -173.202
794 3.209526 1.013338 0.00760043 -173.215
795 3.208838 1.013320 0.00758451 -173.558
796 3.676291 0.917889 0.01120294 -188.925
797 3.674327 0.915889 0.01119191 -188.849
798 3.806013 0.994776 0.01253701 -186.264
799 3.804856 0.995066 0.01253969 -186.182
800 3.803754 0.995070 0.01252196 -186.291
801 3.806950 0.994914 0.01254318 -186.107
802 3.805486 0.994898 0.01254756 -185.858
803 3.730365 1.024659 0.01521192 -203.068
804 3.728231 1.024569 0.01518168 -202.964
805 3.731275 1.024645 0.01519095 -203.219
806 3.729947 1.024302 0.01520112 -202.960
807 3.722401 0.990333 0.01456069 -179.068
808 3.831647 0.994679 0.01421031 -187.525
809 3.832458 0.994690 0.01419685 -187.647
810 3.878248 1.010301 0.01538313 -199.306
811 3.880282 1.010001 0.01539733 -199.328
812 3.880921 1.010057 0.01541064 -199.444
813 3.837947 0.999314 0.01517330 -193.428
814 3.836891 0.999218 0.01517314 -193.736
815 3.942238 1.005356 0.01524056 -194.417
816 3.942138 1.005080 0.01521811 -193.714
817 3.874980 1.015066 0.01576747 -192.760
818 3.874759 1.015143 0.01576666 -193.125
819 3.875036 1.014671 0.01574455 -192.982
820 3.875644 1.014857 0.01577125 -192.948
821 3.913517 1.004980 0.01441081 -193.904
822 3.868689 0.995829 0.01530553 -188.142
823 3.913273 1.004743 0.01440248 -193.909
824 3.914568 1.004839 0.01442485 -193.802
825 3.917668 1.005364 0.01605647 -202.998
826 3.918630 1.005337 0.01605993 -202.847
827 3.954765 0.998749 0.01494672 -194.191
828 3.828403 0.992148 0.01360026 -181.608
829 3.828757 0.991912 0.01356994 -181.399
830 3.828524 0.991259 0.01354788 -181.254
831 3.974195 1.008394 0.01733368 -195.062
832 3.974650 1.008234 0.01734519 -195.450
833 3.973147 1.008575 0.01730913 -195.310
834 3.814757 1.040749 0.01433456 -191.780
835 4.013058 1.009281 0.01570438 -203.648
836 4.009658 1.009969 0.01570618 -203.847
837 3.667332 1.053126 0.01379829 -198.185
838 3.665879 1.054013 0.01381017 -197.896
839 3.669198 1.052365 0.01378958 -197.772
840 3.668338 1.052544 0.01382141 -197.888
841 3.826457 1.011445 0.01497027 -206.236
842 3.955675 0.662972 0.01270551 -197.413
843 3.941813 0.872589 0.01177414 -196.727
844 4.261001 0.828343 0.01792615 -223.867
845 4.259530 0.826026 0.01790860 -224.132
846 3.940674 0.874277 0.01175421 -196.384
847 4.081238 0.882754 0.01492869 -207.929
848 3.938843 0.876732 0.01174610 -196.462
849 4.078793 0.888071 0.01493004 -208.057
850 3.896860 0.998857 0.01358165 -191.508
851 4.079744 0.890833 0.01495303 -208.014
852 4.079846 0.886619 0.01493580 -207.631
853 4.079604 0.886263 0.01492980 -207.774
854 3.940331 0.993229 0.01272183 -187.761
855 3.935918 0.991764 0.01429408 -188.094
856 3.940824 0.993903 0.01271522 -187.545
857 3.913181 1.014811 0.01543015 -197.011
858 3.914693 1.014017 0.01543041 -196.843
859 3.870561 1.045454 0.01416862 -207.626
860 3.869813 1.045664 0.01417960 -207.820
861 3.871383 1.045589 0.01418997 -207.950
862 3.929827 1.030594 0.01519495 -213.004
863 3.870510 1.045473 0.01417985 -207.621
864 3.870471 1.045830 0.01418694 -207.886
865 3.872925 1.027865 0.01477357 -192.606
866 3.875447 1.027398 0.01478922 -192.615
867 3.873447 1.027038 0.01473864 -192.483
868 3.873918 1.027309 0.01477705 -192.578
869 3.875062 1.027005 0.01476949 -192.626
870 3.873823 1.027473 0.01478213 -192.630
871 3.889869 1.001965 0.01518470 -205.827
872 3.581282 0.971503 0.01016498 -182.719
873 3.715978 0.945988 0.01282424 -204.224
874 3.713330 0.948786 0.01280600 -204.522
875 3.500218 0.998737 0.01127775 -191.796
876 3.714223 0.948329 0.01281849 -204.699
877 3.499388 0.998593 0.01125935 -191.731
878 3.498871 0.998924 0.01124597 -191.663
879 3.498048 0.998495 0.01126215 -191.933
880 3.498379 0.998639 0.01124598 -191.385
881 3.500287 0.998085 0.01125818 -191.693
882 3.372666 0.951970 0.00852580 -188.293
883 3.264904 0.973356 0.00723734 -185.774
884 3.262962 0.973000 0.00721564 -185.901
885 3.263132 0.972608 0.00723025 -185.612
886 3.105282 1.009001 0.00700058 -175.389
887 3.467942 0.997803 0.01032559 -190.533
888 3.103260 1.009440 0.00696625 -175.649
889 3.205021 0.937130 0.00629150 -174.466
890 3.205162 0.938527 0.00629902 -174.115
891 3.103159 1.009072 0.00697929 -175.396
892 3.203368 0.939671 0.00628009 -174.527
893 3.101912 1.009850 0.00695948 -175.559
894 3.102514 1.008827 0.00695984 -175.773
895 3.005860 1.014109 0.00554585 -174.521
896 2.731369 0.772588 0.00214244 -138.701
897 3.006917 1.014355 0.00555529 -174.297
898 3.007797 1.014401 0.00557577 -174.364
899 3.007826 1.014231 0.00555618 -174.711
900 3.006306 1.014199 0.00554401 -174.498
901 3.008675 1.014155 0.00558144 -174.231
902 3.064880 1.035743 0.00550174 -170.964
903 3.007273 1.014339 0.00556537 -174.546
904 3.063775 1.036482 0.00550231 -170.779
905 3.063876 1.035560 0.00549224 -170.849
906 3.063862 1.036129 0.00550270 -171.234
907 3.064333 1.036389 0.00549642 -170.664
908 3.008683 1.014156 0.00557580 -174.132
909 3.008296 1.014306 0.00557514 -174.367
910 3.008321 1.014177 0.00557352 -174.162
911 3.068400 1.029809 0.00622447 -164.562
912 3.068420 1.029806 0.00620618 -164.922
913 3.080230 1.078534 0.00709270 -176.989
914 3.081747 1.078589 0.00710796 -177.138
915 3.081333 1.079295 0.00712783 -176.931
916 3.070073 1.028858 0.00622463 -164.785
917 3.069019 1.029687 0.00621414 -164.917
918 3.082026 1.078712 0.00710313 -177.343
919 3.018513 0.535342 0.00399067 -168.950
920 3.080942 1.077596 0.00711674 -177.455
921 3.082384 1.078397 0.00711790 -177.335
922 3.016521 0.545682 0.00397120 -168.606
923 3.015449 0.542644 0.00396503 -168.617
924 3.017761 0.537652 0.00398877 -168.606
925 3.081077 1.078923 0.00710478 -177.128
926 3.083453 1.076216 0.00713392 -177.243
927 3.079904 1.078104 0.00710382 -177.172
928 3.017605 0.544184 0.00398568 -168.737
929 3.016901 0.534049 0.00398139 -168.465
930 3.016037 0.539054 0.00396971 -168.789
931 3.018086 0.536256 0.00398942 -168.743
932 3.018998 0.528686 0.00399349 -168.499
933 3.082148 1.078008 0.00712265 -177.178
934 3.038017 1.032309 0.00606964 -163.581
935 3.037354 1.027450 0.00604998 -163.628
936 3.081129 1.077645 0.00711685 -177.083
937 3.036996 1.026684 0.00605412 -163.514
938 3.082613 1.077566 0.00712528 -177.390
939 3.034770 1.027440 0.00601999 -163.183
940 3.036292 1.029082 0.00603964 -163.623
941 3.081882 1.079721 0.00711958 -177.206
942 3.081259 1.075272 0.00711282 -177.452
943 3.080515 1.077544 0.00711253 -177.031
944 3.082815 1.076400 0.00714225 -177.357
945 3.080250 1.078384 0.00710381 -177.141
946 3.078611 1.079632 0.00710205 -176.938
947 3.081700 1.076697 0.00711098 -177.261
948 3.080273 1.078322 0.00711363 -177.178
949 3.080386 1.077659 0.00709910 -177.126
950 3.082210 1.076115 0.00710982 -177.137
951 3.082525 1.077896 0.00712278 -177.067
952 3.080668 1.078763 0.00712268 -177.334
953 3.081886 1.077264 0.00711759 -177.108
954 3.081070 1.078537 0.00709385 -177.435
955 3.080552 1.079783 0.00710912 -177.468
956 3.080978 1.078250 0.00710302 -177.134
957 3.081072 1.075262 0.00712239 -177.585
958 3.080643 1.079617 0.00710243 -177.052
959 3.083398 1.079129 0.00714245 -177.253
960 3.081230 1.075947 0.00712335 -177.555
961 3.163354 1.071983 0.00828119 -171.931
962 3.082333 1.080562 0.00715031 -176.606
963 3.160725 1.072505 0.00823400 -171.894
964 3.162786 1.071664 0.00828969 -171.876
965 3.161464 1.071992 0.00827733 -171.995
966 2.899838 0.653782 0.00303141 -170.692
967 3.164934 1.071711 0.00830809 -172.347
968 3.163314 1.071919 0.00831303 -172.005
969 3.161738 1.071853 0.00828595 -172.254
970 2.900519 0.653715 0.00303397 -170.981
971 3.161180 1.072379 0.00827081 -171.993
972 2.901380 0.653680 0.00304413 -170.662
973 2.900425 0.647621 0.00303201 -170.732
974 2.899775 0.651060 0.00302647 -170.872
975 3.162402 1.071697 0.00827472 -172.135
976 2.900009 0.636576 0.00302777 -170.354
977 2.841686 0.178402 0.00201085 -141.955
978 2.841797 0.178454 0.00201355 -142.294
979 2.901704 0.644140 0.00304122 -170.772
980 2.899808 0.655951 0.00302326 -170.553
981 2.842121 0.182797 0.00201665 -142.431
982 2.901412 0.644655 0.00304097 -171.076
983 2.843480 0.179050 0.00203089 -142.404
984 2.841784 0.179491 0.00201763 -142.543
985 2.840237 0.180234 0.00200646 -142.092
986 2.900201 0.645949 0.00302626 -170.650
987 2.842104 0.178386 0.00202480 -142.490
988 2.899419 0.643821 0.00302117 -170.520
989 2.841905 0.176812 0.00202006 -142.081
990 2.816931 0.091553 0.00185820 -154.785
991 2.814889 0.092512 0.00183873 -154.700
992 2.842622 0.182643 0.00202008 -142.515
993 2.816552 0.091553 0.00184859 -154.868
994 2.816387 0.091360 0.00184424 -155.096
995 2.815521 0.092163 0.00184442 -154.730
996 2.843820 0.181015 0.00203031 -142.535
997 2.841289 0.182061 0.00201422 -142.521
998 2.815944 0.092156 0.00185207 -155.277
999 2.816319 0.092348 0.00185108 -154.957
