#sp   rion       Nb        pii      Viw
0 3.700623 1.143357 0.01490572 -185.739
1 3.661473 1.017119 0.01221815 -184.194
2 4.043328 1.039830 0.01890768 -216.819
3 4.043926 1.039980 0.01889323 -216.513
4 4.043981 1.039661 0.01890434 -216.786
5 4.041481 1.039880 0.01888527 -216.430
6 4.043063 1.039246 0.01890731 -216.626
7 4.043497 1.039904 0.01889481 -216.456
8 3.991807 1.010249 0.01726210 -209.732
9 3.991539 1.010125 0.01727700 -209.958
10 3.991692 1.009943 0.01726622 -209.515
11 3.992289 1.010125 0.01726040 -210.026
12 3.992420 1.009973 0.01728766 -209.911
13 4.111573 1.017426 0.01917802 -207.148
14 3.887572 1.072116 0.01815158 -205.222
15 3.885433 1.072531 0.01811896 -205.474
16 4.238107 1.015243 0.02107722 -213.177
17 4.235316 1.015340 0.02105040 -212.820
18 4.235990 1.015610 0.02103662 -212.829
19 4.237533 1.015264 0.02105399 -213.187
20 4.293427 1.013884 0.02256042 -219.335
21 4.237331 1.015353 0.02104037 -213.023
22 4.292548 1.013957 0.02255942 -219.196
23 4.293333 1.014011 0.02254669 -219.313
24 4.294950 1.013820 0.02257251 -219.254
25 4.422653 1.012148 0.02498957 -226.910
26 4.420854 1.012265 0.02498532 -227.214
27 4.293795 1.013952 0.02257099 -219.455
28 4.293357 1.013938 0.02258550 -219.520
29 4.249255 1.009656 0.02111619 -214.690
30 4.054133 1.006618 0.01998581 -216.779
31 4.245787 1.010166 0.02110545 -214.820
32 4.466493 0.991544 0.02199054 -219.651
33 4.465883 0.991462 0.02196898 -219.903
34 4.466448 0.991660 0.02200878 -220.102
35 4.582456 0.993058 0.02155531 -210.534
36 4.467618 0.991495 0.02199820 -219.989
37 4.466627 0.991647 0.02200363 -220.118
38 4.580250 0.992973 0.02155405 -210.501
39 4.829272 0.950300 0.02248110 -214.308
40 4.829158 0.950315 0.02248694 -214.606
41 4.827438 0.950676 0.02247486 -214.402
42 4.582622 0.993123 0.02155499 -210.758
43 4.826328 0.951064 0.02247692 -214.470
44 4.829408 0.950501 0.02248984 -214.806
45 4.584021 0.993147 0.02154433 -210.747
46 4.828858 0.950394 0.02248737 -213.779
47 4.710382 0.822938 0.02109357 -211.344
48 4.828683 0.949965 0.02247677 -214.333
49 4.710571 0.820747 0.02110829 -211.440
50 4.712763 0.818373 0.02110599 -210.995
51 4.710274 0.818571 0.02108306 -211.165
52 4.711233 0.818992 0.02110483 -211.039
53 4.709269 0.823888 0.02108066 -211.473
54 5.010939 0.899053 0.02290975 -232.051
55 5.010856 0.900209 0.02293093 -231.875
56 4.712801 0.822377 0.02110028 -211.476
57 5.011052 0.900066 0.02291055 -232.114
58 5.011044 0.900290 0.02292688 -232.049
59 5.011747 0.900113 0.02291192 -232.189
60 5.010161 0.900439 0.02291609 -231.951
61 4.767113 0.942235 0.02138930 -221.145
62 4.766047 0.942842 0.02137571 -221.013
63 5.010782 0.901224 0.02292071 -232.220
64 4.844082 0.701923 0.02168622 -223.864
65 4.843864 0.703898 0.02168736 -224.128
66 4.843543 0.702277 0.02167712 -224.306
67 4.845205 0.704232 0.02168364 -224.063
68 4.615916 0.701911 0.02232817 -216.337
69 4.615070 0.699736 0.02233579 -215.889
70 4.613509 0.699759 0.02230795 -216.043
71 4.615128 0.701860 0.02232789 -215.980
72 4.844730 0.700851 0.02168610 -224.081
73 4.842607 0.705054 0.02166735 -223.726
74 4.613916 0.702931 0.02232757 -216.082
75 4.612817 0.701361 0.02231428 -216.113
76 4.841990 0.702168 0.02166150 -224.051
77 4.843842 0.703320 0.02168529 -223.912
78 4.842460 0.702578 0.02166748 -224.126
79 4.612780 0.703168 0.02230948 -215.891
80 4.844300 0.702387 0.02168837 -224.317
81 4.843838 0.701727 0.02167369 -224.043
82 4.843378 0.703363 0.02166744 -223.759
83 4.816681 0.776636 0.02389871 -220.194
84 4.817505 0.776969 0.02389064 -219.808
85 4.844216 0.700616 0.02169026 -223.978
86 4.843339 0.703763 0.02167130 -224.208
87 4.817207 0.777006 0.02387889 -219.719
88 4.817654 0.776853 0.02387304 -219.449
89 4.844485 0.704164 0.02168838 -224.008
90 4.817240 0.777372 0.02388089 -219.363
91 4.815839 0.777212 0.02388717 -220.135
92 4.818299 0.778255 0.02388669 -219.665
93 4.962887 0.625248 0.02288153 -230.974
94 4.963319 0.625694 0.02288531 -230.559
95 4.960214 0.626091 0.02285721 -230.531
96 4.820024 0.776034 0.02389255 -219.788
97 4.817662 0.777667 0.02388866 -219.846
98 4.816615 0.775635 0.02387889 -219.446
99 4.818717 0.775156 0.02388799 -219.738
100 5.049434 0.729792 0.02371435 -233.443
101 4.819925 0.775777 0.02389631 -219.929
102 5.051476 0.732713 0.02370627 -233.352
103 5.050578 0.730172 0.02371893 -233.559
104 5.049312 0.732597 0.02371581 -233.346
105 5.048840 0.731653 0.02372423 -233.469
106 5.048633 0.732708 0.02371346 -233.516
107 4.719002 0.683334 0.02354899 -217.889
108 4.719626 0.682764 0.02356508 -218.232
109 4.719989 0.681050 0.02356843 -218.228
110 5.049614 0.730693 0.02370962 -233.704
111 5.048892 0.732245 0.02371560 -233.495
112 4.935049 0.955785 0.02432560 -237.936
113 4.935932 0.955588 0.02432934 -237.344
114 4.937012 0.955481 0.02432769 -237.455
115 5.048854 0.730037 0.02370618 -233.239
116 4.937506 0.956334 0.02434775 -237.855
117 5.049932 0.730110 0.02370829 -233.400
118 4.922101 0.973306 0.02380577 -219.907
119 4.902339 0.973388 0.02360177 -240.473
120 4.902009 0.973707 0.02359448 -240.077
121 4.902606 0.973783 0.02361936 -240.602
122 4.923002 0.972454 0.02381048 -219.710
123 4.901763 0.973590 0.02361531 -240.578
124 4.901555 0.973585 0.02360064 -239.829
125 5.062282 0.966771 0.02225425 -222.148
126 4.904087 0.973447 0.02361442 -240.215
127 4.901971 0.973863 0.02360665 -240.153
128 5.060357 0.967084 0.02224484 -222.236
129 5.062079 0.966866 0.02226745 -222.446
130 4.902815 0.973606 0.02361304 -240.096
131 5.060255 0.967119 0.02224836 -222.803
132 4.901553 0.973736 0.02359854 -240.317
133 4.900999 0.973433 0.02361887 -240.425
134 4.902709 0.973443 0.02360646 -240.282
135 5.061193 0.966896 0.02224263 -221.957
136 4.905615 0.973268 0.02362000 -240.388
137 4.903220 0.973529 0.02360902 -239.909
138 4.903727 0.973577 0.02359967 -240.442
139 4.903018 0.973342 0.02361177 -240.243
140 4.785693 0.977071 0.02388073 -229.251
141 4.902411 0.973632 0.02361790 -239.936
142 4.903262 0.973664 0.02360084 -240.763
143 4.903204 0.973792 0.02361059 -240.279
144 4.785318 0.977254 0.02388015 -229.070
145 4.787563 0.977237 0.02389424 -228.751
146 4.786358 0.977367 0.02388698 -229.272
147 4.785113 0.977498 0.02388917 -228.769
148 4.902633 0.973754 0.02361018 -240.494
149 4.902392 0.973547 0.02360085 -240.314
150 4.904798 0.973539 0.02361099 -240.381
151 4.787308 0.977709 0.02389815 -228.861
152 4.784805 0.977710 0.02388854 -228.731
153 4.786055 0.977601 0.02389816 -228.987
154 4.786458 0.977022 0.02388827 -228.980
155 4.728735 0.975816 0.02203042 -227.442
156 4.728475 0.975248 0.02202060 -227.160
157 4.726145 0.975649 0.02200871 -227.259
158 4.786928 0.977389 0.02389370 -229.043
159 4.728222 0.975340 0.02201190 -227.397
160 4.629963 0.992574 0.02200857 -214.696
161 4.728580 0.975190 0.02201979 -227.148
162 4.630385 0.993013 0.02203933 -215.007
163 4.630824 0.992790 0.02204005 -214.699
164 4.729759 0.974837 0.02200941 -227.028
165 4.730201 0.975288 0.02202983 -227.541
166 4.730690 0.974921 0.02201583 -227.019
167 4.221079 1.014938 0.02130076 -205.484
168 4.727022 0.975426 0.02200494 -227.452
169 4.217635 1.015153 0.02128624 -205.597
170 4.221093 1.015370 0.02130612 -205.367
171 4.727452 0.975167 0.02201992 -227.510
172 4.217050 1.015374 0.02128517 -205.032
173 4.217875 1.015497 0.02127552 -205.854
174 4.219465 1.015605 0.02130814 -205.678
175 4.401576 0.996490 0.01940003 -207.854
176 4.468361 0.979173 0.01955777 -210.009
177 4.401166 0.996424 0.01938567 -207.839
178 4.399716 0.996800 0.01939046 -207.405
179 4.480134 1.007237 0.02137416 -200.189
180 4.400461 0.996514 0.01940341 -207.683
181 4.480289 1.007497 0.02138061 -200.351
182 4.481279 1.007500 0.02137436 -200.216
183 4.401629 0.996703 0.01938932 -207.876
184 4.402571 0.996528 0.01940316 -208.013
185 4.401655 0.996544 0.01938846 -207.961
186 4.480769 1.007691 0.02137317 -200.310
187 4.400409 0.996639 0.01939375 -207.824
188 4.480608 1.007524 0.02137464 -200.466
189 4.480875 1.007062 0.02136822 -200.519
190 4.402243 0.996584 0.01939145 -207.883
191 4.481473 1.007556 0.02136617 -200.287
192 4.400944 0.996636 0.01938769 -207.620
193 4.481251 1.007531 0.02138051 -200.005
194 4.478852 1.007761 0.02135978 -200.175
195 4.480845 1.007304 0.02136370 -200.022
196 4.481790 1.007366 0.02135838 -200.516
197 4.480261 1.007764 0.02136958 -200.573
198 4.402951 0.996568 0.01938579 -207.706
199 4.398876 0.996583 0.01938351 -207.820
200 4.480322 1.007517 0.02137665 -200.249
201 4.404251 0.996392 0.01939057 -207.886
202 4.478506 1.007617 0.02135580 -200.156
203 4.402367 0.996661 0.01942571 -207.889
204 4.400422 0.996625 0.01940602 -207.971
205 4.401714 0.996649 0.01941400 -207.572
206 4.401572 0.996642 0.01939999 -208.006
207 4.167860 0.988326 0.01664072 -204.778
208 4.169051 0.988343 0.01665326 -204.421
209 4.266688 1.008399 0.02225949 -215.831
210 4.266396 1.008303 0.02228926 -216.256
211 4.266934 1.008502 0.02230371 -216.592
212 4.266134 1.008070 0.02226339 -216.110
213 4.266291 1.008350 0.02229335 -216.212
214 4.265932 1.008298 0.02227137 -216.129
215 4.493813 0.994273 0.02154348 -231.993
216 4.493938 0.994160 0.02153198 -231.826
217 4.492800 0.994345 0.02155034 -232.011
218 4.265667 1.008384 0.02226178 -216.065
219 4.493287 0.994217 0.02154104 -231.871
220 4.493041 0.994324 0.02156273 -231.833
221 4.265230 1.008446 0.02226736 -215.961
222 4.267079 1.008422 0.02228675 -216.251
223 4.493570 0.994313 0.02155380 -231.750
224 4.266779 1.008395 0.02228693 -216.290
225 4.492888 0.994160 0.02152811 -231.635
226 4.493759 0.994128 0.02153903 -231.835
227 4.265326 1.008352 0.02226623 -216.141
228 4.494746 0.994155 0.02155559 -231.875
229 4.266637 1.008321 0.02228340 -216.011
230 4.264465 1.008543 0.02228221 -216.051
231 4.269183 1.008171 0.02229032 -215.950
232 4.266301 1.008034 0.02224669 -216.029
233 4.494640 0.994227 0.02153271 -231.506
234 4.413036 1.010432 0.02481898 -239.279
235 4.493712 0.994128 0.02154806 -231.842
236 4.495818 0.994082 0.02154975 -232.193
237 4.494500 0.994202 0.02155318 -231.862
238 4.495154 0.994269 0.02156142 -231.617
239 4.411487 1.010162 0.02479800 -239.712
240 4.411743 1.010565 0.02482730 -239.284
241 4.493651 0.994150 0.02153825 -231.583
242 4.493910 0.994170 0.02154676 -231.758
243 4.411471 1.010168 0.02481734 -239.747
244 4.412429 1.009828 0.02481624 -239.785
245 4.494014 0.994248 0.02155045 -231.636
246 4.494044 0.994147 0.02153265 -231.649
247 4.495537 0.994262 0.02157162 -231.864
248 4.495327 0.994153 0.02154979 -231.758
249 4.493372 0.994186 0.02154848 -231.694
250 4.494729 0.994125 0.02155198 -231.820
251 4.332378 0.977372 0.01914662 -223.335
252 4.333355 0.977123 0.01915233 -223.537
253 4.494489 0.994167 0.02154300 -231.811
254 4.466848 1.002777 0.02338374 -221.947
255 4.468319 1.003154 0.02341228 -221.545
256 4.493597 0.994325 0.02155414 -231.751
257 4.494396 0.994168 0.02154903 -232.095
258 4.468950 1.002878 0.02341889 -221.996
259 4.494815 0.994125 0.02155531 -232.117
260 4.494007 0.994184 0.02155413 -231.709
261 4.495351 0.994072 0.02155953 -231.590
262 4.466777 1.002890 0.02340061 -222.048
263 4.467079 1.003187 0.02341816 -221.415
264 4.490835 0.994302 0.02153832 -231.706
265 4.493638 0.994190 0.02154036 -231.627
266 4.493913 0.994244 0.02155437 -231.703
267 4.494637 0.994097 0.02153414 -231.620
268 4.468963 1.002854 0.02339463 -221.760
269 4.467380 1.002769 0.02337396 -221.504
270 4.544624 1.010764 0.02546700 -233.845
271 4.545177 1.010615 0.02545893 -234.149
272 4.544886 1.010896 0.02547780 -234.344
273 4.543470 1.010561 0.02546658 -234.047
274 4.468428 1.002851 0.02341652 -222.082
275 4.308756 0.991734 0.01969209 -204.825
276 4.467699 1.003062 0.02339488 -221.909
277 4.307786 0.992051 0.01970503 -204.618
278 4.466315 1.003164 0.02340346 -221.539
279 4.467537 1.003106 0.02338996 -221.297
280 4.467787 1.002845 0.02336963 -221.733
281 4.467473 1.003023 0.02341934 -221.949
282 4.468708 1.002879 0.02339666 -221.528
283 4.310164 0.991778 0.01970797 -204.317
284 4.310136 0.991840 0.01970529 -204.326
285 4.308624 0.991793 0.01970428 -204.449
286 4.468152 1.003002 0.02341178 -221.716
287 4.311282 0.991733 0.01971375 -204.448
288 4.468633 1.003122 0.02339956 -221.518
289 4.468133 1.002967 0.02340782 -221.437
290 4.264560 1.002456 0.02184645 -213.650
291 4.265688 1.001986 0.02184694 -213.163
292 4.265279 1.002378 0.02187181 -213.252
293 4.264703 1.002134 0.02186389 -213.603
294 4.163683 1.125287 0.02236198 -220.590
295 4.266014 1.002085 0.02185884 -213.524
296 4.169698 1.039689 0.02133716 -218.280
297 4.166512 1.042462 0.02130450 -218.579
298 4.470871 0.977639 0.02284929 -212.117
299 4.473897 0.975918 0.02283321 -211.413
300 4.169627 1.040650 0.02132970 -218.641
301 4.166922 1.041899 0.02130229 -218.579
302 4.167667 1.040575 0.02132089 -218.211
303 4.168188 1.042487 0.02131222 -218.744
304 4.168966 1.041922 0.02132449 -218.416
305 4.169588 1.042788 0.02132687 -218.668
306 4.319852 1.051604 0.02171304 -208.134
307 4.167980 1.042832 0.02130896 -218.548
308 4.167428 1.042015 0.02131656 -218.542
309 4.352093 0.992607 0.02119869 -215.287
310 4.354622 0.992350 0.02118199 -215.175
311 4.170451 1.040115 0.02134254 -218.715
312 4.164782 1.041297 0.02130050 -218.452
313 4.707990 0.985606 0.02331446 -226.999
314 4.168959 1.040451 0.02130017 -218.286
315 4.707832 0.987089 0.02331346 -227.174
316 4.708663 0.985001 0.02330984 -227.069
317 4.707133 0.987860 0.02331242 -227.134
318 4.168497 1.040326 0.02131327 -218.374
319 4.167521 1.041960 0.02131021 -218.601
320 4.707390 0.988051 0.02331923 -226.849
321 4.707763 0.986045 0.02330768 -226.860
322 4.706506 0.988970 0.02330547 -227.551
323 4.707238 0.987928 0.02331128 -227.535
324 4.717697 0.993738 0.02365158 -239.623
325 4.715114 0.993425 0.02363548 -239.004
326 4.716826 0.994268 0.02364394 -239.484
327 4.716691 0.993524 0.02365247 -239.148
328 4.708162 0.985796 0.02330662 -226.972
329 4.706572 0.985838 0.02330998 -227.108
330 4.707946 0.986007 0.02331448 -227.254
331 4.708123 0.984840 0.02330936 -227.375
332 4.708117 0.987795 0.02332405 -227.341
333 4.706836 0.987103 0.02330855 -227.409
334 4.708198 0.986134 0.02332395 -227.060
335 4.428808 1.167439 0.02133565 -238.353
336 4.038348 1.179144 0.02072726 -220.154
337 4.426845 1.163369 0.02132314 -238.454
338 4.428223 1.161656 0.02133968 -238.042
339 4.036739 1.170867 0.02070238 -219.834
340 4.036229 1.177255 0.02069934 -219.492
341 4.036382 1.178218 0.02073249 -219.578
342 4.036548 1.181162 0.02069418 -219.620
343 4.204025 1.020631 0.02253959 -235.715
344 4.206739 1.021303 0.02255789 -235.480
345 4.035714 1.178219 0.02070283 -219.541
346 4.206183 1.021671 0.02253608 -235.728
347 4.207856 1.021167 0.02255118 -235.871
348 4.206937 1.021601 0.02255660 -235.921
349 4.205487 1.021235 0.02256231 -236.038
350 4.037975 1.178112 0.02074344 -220.012
351 3.964622 0.999008 0.01571052 -197.441
352 3.963600 0.996955 0.01568322 -197.214
353 3.962962 1.000056 0.01571046 -197.408
354 4.076185 1.052358 0.01975334 -221.781
355 4.129255 1.207739 0.02162046 -223.454
356 4.211013 1.383429 0.02035234 -220.070
357 4.128979 1.208084 0.02160022 -223.509
358 4.129618 1.209468 0.02163104 -223.346
359 4.210367 1.382090 0.02034344 -219.913
360 4.211266 1.386412 0.02034497 -220.500
361 4.128322 1.209181 0.02159849 -223.255
362 4.128699 1.209157 0.02161319 -223.319
363 4.129331 1.208585 0.02160599 -223.066
364 4.193865 1.243529 0.02096075 -216.604
365 4.189717 1.150647 0.02342653 -215.097
366 4.451501 1.090569 0.02442649 -215.830
367 4.451190 1.090533 0.02443304 -215.687
368 4.332993 1.193137 0.02389465 -229.451
369 4.333189 1.194322 0.02389223 -229.643
370 4.335024 1.192994 0.02389416 -229.026
371 4.289232 1.202006 0.02185677 -208.654
372 4.334580 1.192833 0.02390005 -229.725
373 4.334049 1.193196 0.02388980 -229.370
374 4.123641 1.268592 0.02096560 -201.494
375 4.122390 1.269040 0.02098759 -201.559
376 4.121576 1.271417 0.02095780 -201.725
377 4.124115 1.268058 0.02096137 -201.798
378 4.122457 1.271275 0.02097422 -201.994
379 4.123775 1.267429 0.02095756 -201.514
380 4.121824 1.270597 0.02097143 -201.760
381 4.122010 1.272461 0.02097183 -201.955
382 4.253590 0.885182 0.02103789 -209.789
383 4.124152 1.269878 0.02098358 -202.015
384 4.124339 1.269952 0.02098137 -201.796
385 4.253661 0.880070 0.02104880 -209.759
386 4.122679 1.269560 0.02097826 -201.805
387 4.254056 0.880354 0.02100689 -209.733
388 4.122532 1.271317 0.02098281 -202.139
389 4.153473 1.034508 0.01954615 -200.760
390 4.191827 0.849953 0.01916637 -201.807
391 4.191795 0.853355 0.01918148 -201.929
392 4.154108 1.033324 0.01955385 -201.082
393 4.192161 0.852180 0.01918477 -201.517
394 4.192193 0.854790 0.01918964 -201.343
395 4.066174 1.109640 0.01672277 -196.993
396 4.192137 0.852163 0.01919316 -201.503
397 4.189537 0.855360 0.01918227 -201.361
398 4.471307 0.692995 0.01872886 -201.306
399 4.470901 0.695239 0.01874686 -201.535
400 4.471709 0.696200 0.01873929 -201.571
401 4.469412 0.701409 0.01872002 -201.258
402 4.649029 0.190197 0.02117096 -212.364
403 4.471262 0.699181 0.01873285 -201.148
404 4.471191 0.698942 0.01872718 -201.284
405 4.472692 0.697417 0.01873662 -201.430
406 4.202237 0.780977 0.01840357 -208.440
407 4.204599 0.777725 0.01840144 -208.544
408 4.200594 0.780829 0.01838311 -208.672
409 3.891858 0.993111 0.01658975 -190.558
410 3.891819 0.993248 0.01660535 -190.452
411 3.893397 0.992958 0.01660320 -190.733
412 4.180744 0.678090 0.01697377 -206.471
413 4.180330 0.676996 0.01697492 -206.218
414 4.169326 0.718108 0.01693218 -218.681
415 3.967671 0.959166 0.01654056 -223.582
416 4.053606 0.814489 0.01745352 -213.614
417 3.968046 0.956218 0.01653826 -223.249
418 3.966154 1.214652 0.01812542 -211.474
419 3.965424 1.213635 0.01809448 -211.462
420 3.760548 1.137205 0.01701154 -205.028
421 3.759118 1.136073 0.01698945 -204.374
422 3.758572 1.138346 0.01700715 -204.432
423 3.675638 1.097011 0.01415167 -205.828
424 3.676639 1.097469 0.01414130 -206.039
425 3.675045 1.097165 0.01413415 -205.669
426 3.676356 1.095726 0.01414723 -205.852
427 3.616193 1.101291 0.01159377 -191.911
428 3.613513 1.100768 0.01155030 -191.466
429 3.614789 1.101441 0.01157433 -191.844
430 3.783031 0.890406 0.01306778 -205.450
431 3.623193 1.413074 0.01240553 -190.446
432 3.780583 0.892579 0.01303998 -205.034
433 3.779968 0.894333 0.01302456 -205.221
434 3.782233 0.893428 0.01306539 -205.296
435 3.694996 0.728393 0.01196054 -179.268
436 3.695653 0.727055 0.01197888 -179.846
437 3.514625 0.852380 0.00815166 -185.379
438 3.513053 0.849069 0.00812401 -184.956
439 3.490941 0.261697 0.00770616 -176.507
440 3.494426 0.259005 0.00772152 -176.324
441 3.493220 0.261280 0.00771930 -176.432
442 3.493327 0.259480 0.00771156 -176.535
443 3.493481 0.257388 0.00772402 -176.419
444 3.492848 0.262875 0.00771623 -176.253
445 3.493678 0.258235 0.00771494 -176.610
446 3.494230 0.262552 0.00773411 -176.578
447 3.492647 0.261119 0.00771914 -176.519
448 3.493128 0.262707 0.00772368 -176.419
449 3.555414 0.291902 0.00850665 -188.711
450 3.552827 0.296016 0.00849446 -188.802
451 3.798496 0.489530 0.00907173 -184.460
452 3.799077 0.483020 0.00907501 -184.930
453 3.800322 0.479293 0.00908566 -184.767
454 3.798920 0.473895 0.00905777 -184.474
455 3.628633 0.773323 0.00943987 -190.782
456 3.370640 1.047024 0.00877413 -169.445
457 3.371619 1.048467 0.00879495 -169.912
458 3.626575 0.772141 0.00942128 -190.815
459 3.624977 0.770168 0.00940786 -190.698
460 3.627730 0.764825 0.00944299 -190.660
461 3.535941 0.989842 0.00936819 -180.251
462 3.535047 0.990249 0.00937662 -180.277
463 3.534838 0.990202 0.00934714 -180.104
464 3.316562 1.056125 0.00661291 -183.723
465 3.387711 1.048308 0.01070910 -187.121
466 3.318891 1.056789 0.00664920 -184.084
467 3.317430 1.058358 0.00665337 -184.161
468 3.317002 1.057761 0.00663384 -184.128
469 3.257165 0.810645 0.00687594 -164.350
470 3.315905 1.057180 0.00662756 -183.915
471 3.399904 0.987174 0.00678730 -187.662
472 3.184205 1.131294 0.00553071 -170.166
473 3.400101 0.986815 0.00679330 -187.939
474 3.398654 0.987660 0.00677327 -187.759
475 3.398019 0.987738 0.00677108 -187.808
476 3.184293 1.131425 0.00553288 -169.556
477 3.398337 0.987088 0.00677492 -187.789
478 3.183838 1.129917 0.00554081 -170.113
479 3.182888 1.131920 0.00553232 -170.179
480 3.398153 0.987408 0.00677798 -187.840
481 3.183971 1.130373 0.00552627 -170.009
482 3.184140 1.129407 0.00553129 -169.998
483 3.170590 1.195021 0.00663487 -175.445
484 3.183372 1.129996 0.00552984 -170.230
485 3.168607 1.180291 0.00584782 -181.500
486 3.183832 1.130328 0.00553056 -169.975
487 3.184699 1.131383 0.00554181 -170.009
488 3.169254 1.182640 0.00585594 -181.550
489 3.172406 1.179126 0.00586634 -181.656
490 3.168415 1.180033 0.00583117 -181.315
491 3.280599 1.128820 0.00824739 -192.864
492 3.279919 1.128969 0.00822348 -192.850
493 2.966416 1.066736 0.00411589 -155.977
494 3.279730 1.126610 0.00822378 -192.613
495 2.966598 1.068232 0.00411532 -156.070
496 2.965910 1.066634 0.00411828 -156.005
497 2.967182 1.068403 0.00414228 -155.901
498 2.964273 1.068292 0.00411013 -155.961
499 3.262257 1.069847 0.00708342 -180.194
500 3.249723 0.831196 0.00741147 -175.890
501 3.250920 0.834275 0.00744082 -175.930
502 3.250313 0.830419 0.00741325 -175.439
503 3.237941 1.015571 0.00768120 -175.114
504 3.332996 0.947010 0.00973529 -179.643
505 3.331138 0.948696 0.00973127 -179.505
506 3.237512 1.015246 0.00767624 -174.764
507 3.239048 1.015170 0.00769387 -174.374
508 3.241140 0.963324 0.00796848 -177.803
509 3.238742 0.963998 0.00795009 -177.741
510 3.237555 1.015460 0.00768349 -174.652
511 3.238541 1.015213 0.00768868 -174.408
512 3.240909 0.964252 0.00796327 -177.949
513 3.240299 0.965183 0.00795993 -177.902
514 3.365158 1.001655 0.00859623 -194.892
515 3.241370 0.964978 0.00797744 -178.219
516 3.241875 0.964599 0.00797949 -178.088
517 3.065552 1.010081 0.00557406 -173.993
518 3.239291 0.964910 0.00796361 -177.499
519 3.238879 0.964115 0.00794980 -177.643
520 3.238439 0.964317 0.00793410 -177.821
521 3.240661 0.962402 0.00797009 -177.538
522 3.066204 1.009601 0.00557776 -173.938
523 3.240537 0.964007 0.00796935 -177.855
524 3.068073 1.009576 0.00558689 -174.300
525 3.063961 1.010011 0.00555330 -173.973
526 3.063855 1.009919 0.00554703 -173.771
527 3.065104 1.010218 0.00557432 -173.927
528 2.796194 1.007302 0.00376831 -160.080
529 2.795619 1.007043 0.00376867 -159.407
530 2.797729 1.007199 0.00377941 -159.483
531 2.797219 1.007341 0.00377438 -159.747
532 3.063431 1.009768 0.00555279 -174.105
533 3.066305 1.009864 0.00558062 -174.231
534 3.066610 1.009316 0.00558098 -173.912
535 2.797268 1.007348 0.00377819 -159.697
536 2.798034 1.007219 0.00376866 -159.775
537 3.065659 1.009852 0.00557744 -174.127
538 3.066086 1.009697 0.00558555 -174.255
539 2.798018 1.007124 0.00379034 -160.102
540 3.063437 1.010000 0.00556087 -173.847
541 3.066074 1.009724 0.00558368 -174.115
542 3.412862 0.862469 0.00905831 -182.686
543 3.690430 0.974807 0.01142868 -197.456
544 3.474640 0.808504 0.00807928 -199.850
545 3.475525 0.805971 0.00809039 -199.975
546 3.329787 1.008365 0.00845793 -182.142
547 3.330054 1.008400 0.00845867 -181.663
548 3.331661 1.008230 0.00846916 -182.134
549 3.373160 1.001054 0.00782969 -172.599
550 3.651026 0.995806 0.01186777 -192.372
551 3.567363 1.022700 0.01344079 -191.713
552 3.565499 1.022547 0.01342415 -191.513
553 3.707160 0.962099 0.01142535 -173.176
554 3.566380 1.022636 0.01343301 -191.583
555 3.710182 0.962864 0.01146237 -172.920
556 3.708761 0.962582 0.01144293 -173.095
557 3.708111 0.962567 0.01144308 -173.189
558 3.709318 0.962276 0.01145757 -173.349
559 3.707384 0.962485 0.01140471 -172.921
560 3.806709 1.003284 0.01734893 -186.248
561 3.807173 1.003484 0.01733899 -186.640
562 3.807308 1.003614 0.01735306 -186.344
563 3.692645 0.995952 0.01349935 -188.049
564 3.807089 1.003658 0.01733546 -186.177
565 3.807160 1.003083 0.01732395 -186.494
566 3.691846 0.996167 0.01351218 -187.601
567 3.759316 0.976260 0.01238607 -180.682
568 3.685179 1.024893 0.01229006 -191.863
569 3.757096 0.976791 0.01234502 -180.886
570 3.759933 0.976366 0.01238573 -180.749
571 3.759605 0.976279 0.01236599 -180.692
572 3.759370 0.976099 0.01236190 -180.803
573 3.759491 0.976676 0.01236422 -180.494
574 3.687655 1.049483 0.01591074 -202.004
575 3.688240 1.048937 0.01591099 -202.054
576 3.689210 1.048935 0.01592519 -201.723
577 3.722241 1.012933 0.01486668 -208.059
578 4.080340 1.033645 0.01878996 -215.430
579 3.723997 1.085127 0.01245887 -204.552
580 3.611171 1.036394 0.01273630 -187.523
581 3.611311 1.036929 0.01272598 -187.465
582 3.722920 1.084506 0.01245775 -204.980
583 3.614721 1.036041 0.01274774 -187.591
584 3.725199 1.083249 0.01245420 -204.529
585 3.724821 1.084065 0.01246976 -204.826
586 3.611984 1.036093 0.01270490 -187.788
587 3.612476 1.036189 0.01274665 -187.525
588 3.679426 0.950507 0.01303128 -198.040
589 3.646186 0.992681 0.01393549 -204.626
590 3.680183 0.953466 0.01305302 -198.475
591 3.646439 0.992284 0.01395733 -204.057
592 3.647037 0.992512 0.01395116 -204.481
593 3.643957 1.021186 0.01414863 -204.454
594 3.949411 1.007428 0.01908657 -228.393
595 4.034492 1.012747 0.01701361 -203.759
596 3.760002 1.013488 0.01482375 -215.964
597 4.032238 1.012729 0.01700111 -203.676
598 3.758280 1.013533 0.01479675 -215.714
599 3.813421 1.037425 0.01638783 -202.851
600 3.686270 1.018210 0.01265851 -209.248
601 3.811997 1.036564 0.01635369 -202.728
602 3.928975 1.073628 0.01747172 -222.956
603 3.925819 1.075302 0.01745750 -222.823
604 3.927750 1.074824 0.01744908 -222.669
605 4.109243 1.015714 0.01640721 -207.624
606 4.110088 1.015871 0.01640488 -207.422
607 4.111713 1.015794 0.01643655 -207.437
608 4.111206 1.015361 0.01642017 -206.993
609 4.110613 1.015724 0.01642178 -207.408
610 4.111558 1.015530 0.01644129 -207.087
611 3.775185 1.099038 0.01388282 -199.247
612 3.774025 1.100843 0.01388032 -199.731
613 3.775551 1.099185 0.01389171 -199.207
614 3.615016 1.174766 0.01270351 -188.916
615 3.616411 1.175325 0.01271719 -189.141
616 3.615984 1.172456 0.01268820 -189.364
617 3.613789 1.174219 0.01269456 -189.023
618 3.615902 1.172255 0.01271782 -189.308
619 3.550343 1.379164 0.01445126 -194.959
620 3.550492 1.379680 0.01444074 -194.605
621 3.640539 1.013309 0.01109671 -185.718
622 3.551051 1.378554 0.01443277 -194.878
623 3.642377 1.013336 0.01110939 -185.999
624 3.641160 1.012164 0.01111085 -186.044
625 3.641025 1.012961 0.01109736 -185.970
626 3.858031 1.018364 0.01392034 -209.377
627 3.641173 1.013998 0.01109914 -185.934
628 3.857482 1.018421 0.01392355 -209.202
629 3.858660 1.018288 0.01392981 -209.118
630 3.621364 0.994894 0.01129656 -177.557
631 3.619205 0.994851 0.01129427 -177.713
632 3.620557 0.994773 0.01130450 -177.410
633 3.875259 1.021836 0.01345841 -200.945
634 3.874632 1.022178 0.01346094 -200.634
635 3.756139 1.029318 0.01367984 -186.579
636 3.757900 1.028897 0.01369439 -187.223
637 3.556405 1.044317 0.01220772 -187.552
638 3.555626 1.044228 0.01220718 -187.729
639 3.772632 1.014273 0.01270777 -203.125
640 3.774243 1.013629 0.01274052 -203.448
641 3.544846 1.086075 0.01092230 -171.874
642 3.542248 1.086842 0.01089533 -171.489
643 3.543782 1.086505 0.01093808 -171.663
644 3.542395 1.086846 0.01091299 -171.502
645 3.543415 1.086166 0.01091759 -171.753
646 3.545112 1.086021 0.01092319 -171.516
647 3.543051 1.085851 0.01091265 -171.714
648 3.651783 1.087505 0.01237240 -180.453
649 3.544565 1.085446 0.01092517 -171.687
650 3.543916 1.086043 0.01091763 -171.612
651 3.470940 1.087490 0.01104108 -173.991
652 3.471407 1.086782 0.01106630 -173.865
653 3.466519 1.149799 0.01042817 -159.391
654 3.471202 1.088085 0.01105868 -173.696
655 3.470557 1.087166 0.01106384 -173.649
656 3.608532 1.162305 0.01213403 -174.771
657 3.752245 1.054505 0.01423333 -191.973
658 3.613002 1.163085 0.01217959 -175.026
659 3.610590 1.162333 0.01213361 -174.856
660 3.608407 1.162655 0.01211767 -174.790
661 3.737330 1.056006 0.01466021 -195.706
662 3.736802 1.056402 0.01465819 -196.014
663 3.739407 1.055490 0.01467912 -195.914
664 3.605224 1.075087 0.01160630 -176.277
665 3.605283 1.075920 0.01161168 -176.105
666 3.604451 1.075180 0.01159998 -176.285
667 3.623648 1.032371 0.01322297 -202.394
668 3.607052 1.074871 0.01163160 -176.794
669 3.606000 1.075229 0.01162480 -176.270
670 3.606712 1.074310 0.01162101 -176.499
671 3.607330 1.074615 0.01163210 -176.395
672 3.604967 1.075205 0.01161219 -176.385
673 3.605587 1.074274 0.01160033 -176.294
674 3.673994 1.100091 0.01486935 -185.607
675 3.606771 1.074379 0.01161812 -176.280
676 3.605416 1.074642 0.01162113 -176.555
677 3.680569 1.056304 0.01303032 -188.061
678 3.616607 1.054759 0.00978559 -186.721
679 3.615355 1.054366 0.00978001 -187.081
680 3.613850 1.055039 0.00977336 -186.550
681 3.418329 1.103727 0.01071465 -191.195
682 3.418204 1.103112 0.01070637 -191.142
683 3.414814 1.105588 0.01067674 -190.910
684 3.699739 1.018560 0.01392501 -199.988
685 3.512593 1.031212 0.00980053 -192.268
686 3.511144 1.031499 0.00977930 -191.923
687 3.514258 1.031015 0.00980670 -191.841
688 3.515094 1.031387 0.00983470 -192.055
689 3.514697 1.031033 0.00982501 -192.030
690 3.322867 1.091896 0.00809587 -180.280
691 3.515001 1.031635 0.00983916 -192.102
692 3.513072 1.031433 0.00979053 -192.014
693 3.513049 1.031274 0.00979405 -192.162
694 3.491150 1.027953 0.01217067 -195.891
695 3.673555 1.033750 0.01339653 -197.901
696 3.684343 1.025258 0.01504877 -201.990
697 3.675940 1.033548 0.01341791 -197.864
698 3.681045 1.025794 0.01503019 -201.466
699 3.969862 0.947073 0.01622627 -199.474
700 3.683367 1.024977 0.01502896 -201.316
701 3.684727 1.026294 0.01506709 -201.611
702 3.683686 1.025126 0.01504505 -201.214
703 3.693725 1.016387 0.01437592 -195.785
704 3.692195 1.016482 0.01436011 -195.596
705 3.693433 1.015794 0.01439279 -195.780
706 3.606006 1.036691 0.01218108 -179.830
707 3.605144 1.037348 0.01217178 -180.191
708 3.749283 0.965096 0.01422048 -202.632
709 3.750637 0.964867 0.01425283 -202.697
710 3.750572 0.966170 0.01425113 -202.617
711 3.546083 1.050389 0.01213899 -182.708
712 3.545913 1.052206 0.01214366 -183.197
713 3.739257 0.988395 0.01312629 -179.433
714 3.738247 0.988383 0.01311315 -178.944
715 3.737885 0.988147 0.01308910 -178.956
716 3.737154 0.988739 0.01309593 -178.505
717 3.738179 0.988367 0.01311600 -179.501
718 4.032439 0.981956 0.01708667 -202.765
719 4.165589 1.003658 0.01734899 -188.574
720 4.165711 1.003625 0.01735279 -188.523
721 4.163665 1.003901 0.01733401 -188.481
722 4.163852 1.003671 0.01735045 -188.724
723 4.164898 1.003487 0.01735857 -188.522
724 4.163469 1.004164 0.01735721 -188.628
725 4.163096 1.003678 0.01733727 -188.611
726 4.164071 1.003652 0.01734514 -188.649
727 4.145595 1.011492 0.01998839 -212.680
728 4.149286 1.011125 0.01998512 -212.525
729 4.279199 0.970532 0.01755418 -219.219
730 4.132823 0.983321 0.01874438 -207.752
731 4.025279 1.005726 0.01764287 -207.682
732 3.940096 1.006354 0.01768035 -199.290
733 4.023875 1.006140 0.01763500 -207.826
734 4.024359 1.006068 0.01764955 -207.622
735 4.092880 0.995678 0.01803554 -202.163
736 4.092007 0.995604 0.01801775 -202.060
737 4.092385 0.995836 0.01803294 -202.090
738 4.093476 0.995329 0.01803153 -201.914
739 4.095388 0.995204 0.01803780 -201.838
740 3.846484 1.060992 0.01789911 -189.726
741 4.092440 0.995847 0.01804095 -201.886
742 4.137831 0.993643 0.01762634 -196.184
743 4.138404 0.993482 0.01760911 -196.614
744 4.138596 0.993679 0.01764167 -196.689
745 4.139422 0.993744 0.01763394 -196.497
746 3.952292 1.014127 0.01769218 -211.378
747 3.923080 1.001571 0.01728627 -191.216
748 3.921790 1.001615 0.01730680 -191.011
749 3.922411 1.001723 0.01732947 -190.986
750 4.001593 1.009721 0.01717885 -194.000
751 4.003583 1.009675 0.01719215 -194.449
752 3.845543 1.013404 0.01561594 -191.107
753 3.847423 1.013385 0.01564501 -191.412
754 3.846629 1.013637 0.01565530 -191.273
755 3.797533 0.977706 0.01365367 -193.830
756 3.923340 0.925558 0.01427708 -204.903
757 3.729359 1.032710 0.01493702 -192.583
758 3.728377 1.033563 0.01494713 -192.706
759 3.907019 0.990351 0.01576154 -189.845
760 3.951872 0.965898 0.01445124 -200.012
761 3.951071 0.965570 0.01443736 -200.101
762 3.906187 0.990326 0.01575336 -189.907
763 3.905805 0.989989 0.01574587 -189.923
764 3.950824 0.965406 0.01442270 -199.975
765 3.821201 1.022497 0.01766237 -188.537
766 3.821678 1.021945 0.01764576 -188.603
767 3.823135 1.021904 0.01766112 -188.553
768 3.883219 1.001979 0.01632958 -183.586
769 3.820521 1.022111 0.01766494 -188.673
770 3.822931 1.022201 0.01766658 -188.906
771 3.822077 1.022174 0.01765904 -188.385
772 3.821554 1.022235 0.01768012 -188.747
773 3.822754 1.022037 0.01765387 -188.582
774 3.921491 0.998979 0.01723306 -196.842
775 3.821379 1.022189 0.01765671 -188.345
776 3.823217 1.022389 0.01765807 -188.685
777 3.783678 1.002053 0.01631259 -190.020
778 3.785136 1.001948 0.01631667 -190.202
779 3.784666 1.002115 0.01635345 -190.139
780 3.785352 1.002120 0.01634699 -190.169
781 3.741972 0.983275 0.01225550 -183.228
782 3.784907 1.002059 0.01631657 -190.448
783 3.743850 0.982641 0.01226020 -183.533
784 3.742969 0.983115 0.01224233 -183.106
785 3.741865 0.982805 0.01224191 -182.976
786 3.709349 0.989930 0.01231565 -184.082
787 3.742500 0.982905 0.01224365 -183.577
788 3.744721 0.983027 0.01226760 -183.705
789 3.743512 0.982751 0.01223751 -183.234
790 3.743769 0.983565 0.01224190 -182.985
791 3.674022 0.915999 0.01118662 -188.755
792 3.678168 0.917956 0.01121604 -189.124
793 3.210307 1.013122 0.00759671 -173.585
794 3.208566 1.013451 0.00760863 -173.606
795 3.209255 1.013470 0.00762459 -173.421
796 3.673785 0.916241 0.01118851 -188.765
797 3.675748 0.918226 0.01119959 -188.875
798 3.804977 0.994996 0.01253592 -186.158
799 3.806135 0.994700 0.01253323 -186.187
800 3.807237 0.994695 0.01255098 -186.084
801 3.804041 0.994857 0.01252973 -186.250
802 3.805504 0.994875 0.01252535 -186.528
803 3.730058 1.024670 0.01517770 -203.440
804 3.732196 1.024752 0.01520735 -203.428
805 3.729147 1.024675 0.01519807 -203.251
806 3.730475 1.025024 0.01518793 -203.487
807 3.721472 0.990230 0.01455063 -178.980
808 3.833057 0.994542 0.01418956 -187.848
809 3.832246 0.994534 0.01420304 -187.733
810 3.883626 1.009892 0.01545581 -199.721
811 3.881593 1.010173 0.01544157 -199.635
812 3.880954 1.010117 0.01542824 -199.582
813 3.835231 0.999385 0.01517737 -193.387
814 3.836287 0.999481 0.01517747 -193.013
815 3.943959 1.005032 0.01523722 -193.866
816 3.944059 1.005309 0.01525968 -194.641
817 3.876111 1.014804 0.01575605 -193.155
818 3.876331 1.014729 0.01575699 -192.652
819 3.876054 1.015200 0.01577915 -192.883
820 3.875447 1.015012 0.01575239 -192.914
821 3.914611 1.004671 0.01442132 -194.040
822 3.868398 0.995016 0.01529703 -187.617
823 3.914856 1.004906 0.01442908 -193.992
824 3.913561 1.004811 0.01440664 -194.106
825 3.918138 1.005390 0.01605767 -202.994
826 3.917176 1.005419 0.01605463 -203.105
827 3.955798 0.998583 0.01495476 -194.574
828 3.829123 0.990890 0.01354303 -181.105
829 3.828769 0.991123 0.01357380 -181.385
830 3.829003 0.991780 0.01359587 -181.547
831 3.974361 1.008474 0.01732318 -195.837
832 3.973905 1.008628 0.01731143 -195.381
833 3.975408 1.008288 0.01734747 -195.516
834 3.813029 1.040703 0.01433174 -191.759
835 4.010926 1.010084 0.01571703 -204.078
836 4.014326 1.009390 0.01571521 -203.860
837 3.669155 1.052444 0.01382167 -197.752
838 3.670607 1.051556 0.01381024 -198.066
839 3.667287 1.053193 0.01383084 -198.108
840 3.668147 1.053026 0.01379891 -198.054
841 3.824593 1.011906 0.01500307 -205.980
842 3.957002 0.660228 0.01273004 -197.611
843 3.936851 0.874283 0.01169940 -195.884
844 4.256275 0.819136 0.01789569 -223.836
845 4.257746 0.821545 0.01791327 -223.589
846 3.937990 0.872603 0.01171957 -196.250
847 4.077632 0.888458 0.01493681 -207.622
848 3.939821 0.870069 0.01172765 -196.117
849 4.080075 0.883144 0.01493544 -207.491
850 3.897493 0.999024 0.01358349 -191.773
851 4.079127 0.880221 0.01491250 -207.479
852 4.079023 0.884629 0.01492964 -207.852
853 4.079265 0.885003 0.01493567 -207.719
854 3.941231 0.992692 0.01271090 -188.400
855 3.937016 0.990460 0.01431307 -188.279
856 3.940737 0.991972 0.01271696 -188.711
857 3.915231 1.013376 0.01543395 -196.831
858 3.913718 1.014223 0.01543387 -197.063
859 3.869243 1.045695 0.01419220 -207.820
860 3.869992 1.045487 0.01418120 -207.744
861 3.868422 1.045564 0.01417085 -207.565
862 3.928398 1.030258 0.01517668 -212.847
863 3.869294 1.045644 0.01418051 -207.863
864 3.869335 1.045287 0.01417342 -207.656
865 3.875752 1.026617 0.01476613 -192.452
866 3.873230 1.026956 0.01475044 -192.535
867 3.875229 1.027439 0.01480104 -192.510
868 3.874758 1.027103 0.01476291 -192.503
869 3.873614 1.027473 0.01477049 -192.474
870 3.874853 1.026998 0.01475786 -192.511
871 3.894889 1.001935 0.01525982 -206.159
872 3.579091 0.969580 0.01015108 -182.707
873 3.713900 0.950676 0.01279435 -204.697
874 3.716549 0.947982 0.01281271 -204.355
875 3.498392 0.998662 0.01124831 -191.579
876 3.715656 0.948441 0.01280024 -204.094
877 3.499221 0.998810 0.01126674 -191.646
878 3.499738 0.998466 0.01127972 -191.655
879 3.500561 0.998886 0.01126358 -191.450
880 3.500230 0.998750 0.01127971 -192.011
881 3.498322 0.999290 0.01126755 -191.792
882 3.371332 0.957407 0.00853042 -188.272
883 3.263020 0.970322 0.00722866 -185.618
884 3.264962 0.970692 0.00725036 -185.467
885 3.264791 0.971125 0.00723573 -185.714
886 3.100963 1.010099 0.00694424 -175.435
887 3.468895 0.997852 0.01029736 -190.896
888 3.102986 1.009659 0.00697869 -175.209
889 3.203985 0.939615 0.00628064 -174.540
890 3.203844 0.938236 0.00627309 -174.914
891 3.103088 1.010025 0.00696568 -175.430
892 3.205639 0.937076 0.00629203 -174.405
893 3.104332 1.009256 0.00698544 -175.303
894 3.103731 1.010235 0.00698510 -175.089
895 3.009231 1.014329 0.00559115 -174.046
896 2.733660 0.766447 0.00216452 -138.842
897 3.008174 1.014085 0.00558168 -174.264
898 3.007294 1.014042 0.00556123 -174.257
899 3.007268 1.014213 0.00558086 -173.867
900 3.008786 1.014235 0.00559301 -174.117
901 3.006416 1.014281 0.00555553 -174.351
902 3.064672 1.036059 0.00552214 -170.851
903 3.007819 1.014103 0.00557159 -174.002
904 3.065777 1.035317 0.00552151 -171.015
905 3.065675 1.036243 0.00553161 -170.927
906 3.065689 1.035671 0.00552112 -170.537
907 3.065219 1.035410 0.00552743 -171.221
908 3.006409 1.014285 0.00556120 -174.442
909 3.006795 1.014135 0.00556185 -174.147
910 3.006770 1.014256 0.00556348 -174.388
911 3.069376 1.030131 0.00620136 -164.950
912 3.069356 1.030105 0.00621992 -164.597
913 3.082484 1.077747 0.00713831 -177.394
914 3.080963 1.077712 0.00712294 -177.194
915 3.081377 1.077022 0.00710313 -177.501
916 3.067704 1.031024 0.00620150 -164.783
917 3.068757 1.030219 0.00621198 -164.650
918 3.080683 1.077579 0.00712783 -177.015
919 3.016070 0.541215 0.00397235 -168.397
920 3.081769 1.078837 0.00711420 -176.965
921 3.080327 1.078043 0.00711304 -177.091
922 3.018063 0.530850 0.00399183 -168.711
923 3.019134 0.533941 0.00399803 -168.693
924 3.016822 0.538907 0.00397426 -168.720
925 3.081635 1.077509 0.00712615 -177.323
926 3.079257 1.080257 0.00709702 -177.096
927 3.082807 1.078327 0.00712714 -177.272
928 3.016977 0.532404 0.00397735 -168.585
929 3.017682 0.542519 0.00398165 -168.891
930 3.018547 0.537534 0.00399334 -168.588
931 3.016498 0.540328 0.00397360 -168.628
932 3.015586 0.547897 0.00396956 -168.782
933 3.080563 1.078430 0.00710827 -177.255
934 3.034601 1.024792 0.00602920 -163.213
935 3.035264 1.029597 0.00604885 -163.162
936 3.081581 1.078800 0.00711403 -177.386
937 3.035622 1.030364 0.00604472 -163.311
938 3.080097 1.078870 0.00710562 -177.014
939 3.037847 1.029636 0.00607889 -163.721
940 3.036326 1.027984 0.00605918 -163.243
941 3.080828 1.076750 0.00711130 -177.246
942 3.081451 1.081309 0.00711812 -176.971
943 3.082196 1.078888 0.00711837 -177.354
944 3.079895 1.080073 0.00708866 -177.090
945 3.082459 1.078057 0.00712711 -177.258
946 3.084098 1.076812 0.00712881 -177.439
947 3.081011 1.079768 0.00711994 -177.211
948 3.082437 1.078111 0.00711731 -177.250
949 3.082324 1.078777 0.00713180 -177.290
950 3.080500 1.080393 0.00712107 -177.241
951 3.080185 1.078538 0.00710813 -177.322
952 3.082042 1.077678 0.00710825 -177.112
953 3.080824 1.079186 0.00711338 -177.350
954 3.081643 1.077893 0.00713712 -176.991
955 3.082158 1.076674 0.00712176 -177.005
956 3.081733 1.078189 0.00712790 -177.271
957 3.081639 1.081297 0.00710856 -176.826
958 3.082067 1.076843 0.00712844 -177.464
959 3.079312 1.077312 0.00708849 -177.216
960 3.081479 1.080558 0.00710755 -176.851
961 3.160781 1.072704 0.00827171 -172.077
962 3.080377 1.075930 0.00708075 -177.842
963 3.163411 1.072190 0.00831908 -172.146
964 3.161351 1.073057 0.00826372 -172.140
965 3.162671 1.072734 0.00827603 -172.045
966 2.900836 0.647548 0.00303264 -170.888
967 3.159202 1.073019 0.00824528 -171.715
968 3.160823 1.072823 0.00824045 -171.983
969 3.162398 1.072858 0.00826743 -171.782
970 2.900154 0.647593 0.00303010 -170.587
971 3.162955 1.072335 0.00828258 -172.024
972 2.899294 0.647642 0.00301997 -170.885
973 2.900248 0.653676 0.00303205 -170.869
974 2.900898 0.650226 0.00303762 -170.706
975 3.161734 1.073008 0.00827872 -171.943
976 2.900664 0.664753 0.00303631 -171.232
977 2.842516 0.181943 0.00202919 -142.678
978 2.842404 0.181913 0.00202650 -142.326
979 2.898970 0.656716 0.00302290 -170.778
980 2.900865 0.644876 0.00304084 -170.989
981 2.842081 0.177550 0.00202337 -142.176
982 2.899263 0.656191 0.00302317 -170.462
983 2.840722 0.181298 0.00200919 -142.225
984 2.842418 0.180817 0.00202238 -142.083
985 2.843964 0.180071 0.00203364 -142.562
986 2.900473 0.654832 0.00303791 -170.876
987 2.842098 0.182001 0.00201523 -142.129
988 2.901254 0.657033 0.00304296 -171.060
989 2.842298 0.183615 0.00201994 -142.528
990 2.815153 0.092111 0.00183947 -155.055
991 2.817197 0.091146 0.00185899 -155.138
992 2.841581 0.177720 0.00201982 -142.114
993 2.815533 0.092110 0.00184905 -154.963
994 2.815697 0.092297 0.00185341 -154.734
995 2.816563 0.091493 0.00185324 -155.146
996 2.840382 0.179294 0.00200962 -142.097
997 2.842912 0.178235 0.00202567 -142.127
998 2.816141 0.091500 0.00184558 -154.597
999 2.815767 0.091308 0.00184656 -154.905
