#sp   rion       Nb        pii      Viw
0 3.700000 1.142442 0.01487004 -185.574
1 3.663552 1.017132 0.01224271 -184.150
2 4.043309 1.039543 0.01889364 -216.576
3 4.043309 1.039543 0.01889364 -216.576
4 4.043309 1.039543 0.01889364 -216.576
5 4.043309 1.039543 0.01889358 -216.598
6 4.043309 1.039543 0.01889363 -216.594
7 4.043309 1.039543 0.01889363 -216.594
8 3.992393 1.009980 0.01727370 -209.938
9 3.992393 1.009980 0.01727370 -209.938
10 3.992393 1.009980 0.01727360 -209.945
11 3.992393 1.009980 0.01727363 -209.942
12 3.992393 1.009980 0.01727363 -209.942
13 4.110191 1.017736 0.01917188 -206.800
14 3.886707 1.072333 0.01813294 -205.346
15 3.886707 1.072333 0.01813294 -205.346
16 4.236633 1.015336 0.02105298 -213.180
17 4.236633 1.015304 0.02105294 -213.144
18 4.236633 1.015304 0.02105294 -213.144
19 4.236633 1.015304 0.02105294 -213.146
20 4.293459 1.013981 0.02257289 -219.387
21 4.236633 1.015304 0.02105294 -213.146
22 4.293459 1.013981 0.02257289 -219.387
23 4.293459 1.013981 0.02257289 -219.387
24 4.293459 1.013981 0.02257266 -219.349
25 4.421561 1.012214 0.02499178 -226.940
26 4.421561 1.012214 0.02499178 -226.940
27 4.293459 1.013981 0.02257266 -219.349
28 4.293459 1.013981 0.02257266 -219.345
29 4.247252 1.010294 0.02111524 -214.877
30 4.055113 1.006391 0.01999650 -216.753
31 4.247252 1.010294 0.02111570 -214.919
32 4.467356 0.991617 0.02199711 -220.064
33 4.467356 0.991617 0.02199716 -220.051
34 4.467356 0.991617 0.02199716 -220.047
35 4.582296 0.993191 0.02154914 -210.610
36 4.467356 0.991617 0.02199716 -220.047
37 4.467356 0.991617 0.02199716 -220.047
38 4.582296 0.993191 0.02154914 -210.610
39 4.828470 0.949971 0.02247581 -214.312
40 4.828470 0.949971 0.02247581 -214.312
41 4.828470 0.949971 0.02247581 -214.312
42 4.582296 0.993189 0.02154898 -210.574
43 4.828470 0.949971 0.02247581 -214.312
44 4.828470 0.949971 0.02247581 -214.312
45 4.582296 0.993189 0.02154898 -210.574
46 4.828470 0.949971 0.02247581 -214.312
47 4.711784 0.820645 0.02109366 -211.300
48 4.828470 0.950242 0.02247604 -214.385
49 4.711784 0.820645 0.02109366 -211.300
50 4.711784 0.820645 0.02109366 -211.300
51 4.711784 0.820645 0.02109366 -211.300
52 4.711784 0.820645 0.02109382 -211.310
53 4.711784 0.820645 0.02109382 -211.310
54 5.010496 0.900162 0.02291449 -232.019
55 5.010496 0.900162 0.02291449 -232.019
56 4.711784 0.820645 0.02109382 -211.310
57 5.010496 0.900162 0.02291449 -232.019
58 5.010496 0.900162 0.02291455 -232.001
59 5.010496 0.900162 0.02291455 -232.002
60 5.010496 0.900162 0.02291455 -232.002
61 4.766205 0.942396 0.02137758 -221.021
62 4.766205 0.942396 0.02137758 -221.021
63 5.010496 0.900162 0.02291455 -232.002
64 4.843857 0.702966 0.02168025 -223.991
65 4.843857 0.702966 0.02168025 -223.991
66 4.843857 0.702966 0.02168025 -223.991
67 4.843857 0.702966 0.02168025 -223.991
68 4.614028 0.700991 0.02231721 -216.092
69 4.614028 0.700991 0.02231721 -216.092
70 4.614028 0.700991 0.02231721 -216.092
71 4.614028 0.700991 0.02231721 -216.092
72 4.843857 0.702983 0.02168017 -223.982
73 4.843857 0.702983 0.02168017 -223.982
74 4.614028 0.700991 0.02231721 -216.092
75 4.614028 0.700991 0.02231721 -216.092
76 4.843857 0.702983 0.02168017 -223.982
77 4.843857 0.702983 0.02168017 -223.982
78 4.843857 0.702983 0.02168017 -223.982
79 4.614028 0.700991 0.02231721 -216.092
80 4.843857 0.702983 0.02168017 -223.982
81 4.843857 0.702983 0.02168017 -223.982
82 4.843857 0.702983 0.02168017 -223.982
83 4.817985 0.776315 0.02388662 -219.609
84 4.817985 0.776315 0.02388662 -219.609
85 4.843857 0.702983 0.02168017 -223.981
86 4.843857 0.702983 0.02168017 -223.981
87 4.817985 0.776315 0.02388662 -219.609
88 4.817985 0.776315 0.02388662 -219.609
89 4.843857 0.702983 0.02168017 -223.981
90 4.817985 0.776315 0.02388662 -219.609
91 4.817985 0.776315 0.02388626 -219.598
92 4.817985 0.776315 0.02388626 -219.598
93 4.962483 0.625900 0.02287205 -230.547
94 4.962483 0.625900 0.02287205 -230.547
95 4.962483 0.625900 0.02287205 -230.547
96 4.817985 0.776315 0.02388626 -219.598
97 4.817985 0.776315 0.02388626 -219.599
98 4.817985 0.776315 0.02388626 -219.599
99 4.817985 0.776315 0.02388626 -219.599
100 5.049747 0.731768 0.02371248 -233.413
101 4.817985 0.776315 0.02388626 -219.599
102 5.049747 0.731768 0.02371248 -233.413
103 5.049747 0.731768 0.02371256 -233.492
104 5.049747 0.731768 0.02371256 -233.492
105 5.049747 0.731768 0.02371256 -233.492
106 5.049747 0.731768 0.02371256 -233.492
107 4.719008 0.684413 0.02356760 -218.115
108 4.719008 0.684413 0.02356760 -218.115
109 4.719008 0.684413 0.02356760 -218.115
110 5.049747 0.731768 0.02371256 -233.492
111 5.049747 0.731768 0.02371256 -233.493
112 4.936914 0.955640 0.02432861 -237.728
113 4.936914 0.955640 0.02432861 -237.728
114 4.936914 0.955640 0.02432861 -237.728
115 5.049747 0.731768 0.02371256 -233.493
116 4.936914 0.955640 0.02432861 -237.728
117 5.049747 0.731768 0.02371256 -233.493
118 4.923451 0.972883 0.02380790 -219.804
119 4.903155 0.973551 0.02361030 -240.313
120 4.903155 0.973551 0.02361030 -240.313
121 4.903155 0.973551 0.02361030 -240.313
122 4.923451 0.972883 0.02380791 -219.750
123 4.903155 0.973551 0.02361030 -240.313
124 4.903155 0.973551 0.02361030 -240.316
125 5.061191 0.967097 0.02225273 -222.476
126 4.903155 0.973551 0.02361030 -240.316
127 4.903155 0.973551 0.02361030 -240.316
128 5.061191 0.967097 0.02225273 -222.476
129 5.061191 0.967097 0.02225273 -222.476
130 4.903155 0.973551 0.02361030 -240.316
131 5.061191 0.967097 0.02225273 -222.476
132 4.903155 0.973551 0.02361030 -240.316
133 4.903155 0.973551 0.02361030 -240.316
134 4.903155 0.973551 0.02361030 -240.316
135 5.061191 0.967097 0.02225273 -222.476
136 4.903155 0.973551 0.02361030 -240.316
137 4.903155 0.973551 0.02361030 -240.316
138 4.903155 0.973551 0.02361030 -240.316
139 4.903155 0.973551 0.02361030 -240.316
140 4.785612 0.977317 0.02389115 -229.055
141 4.903155 0.973551 0.02361030 -240.316
142 4.903155 0.973551 0.02361030 -240.316
143 4.903155 0.973551 0.02361030 -240.316
144 4.785612 0.977317 0.02389115 -229.055
145 4.785612 0.977317 0.02389115 -229.055
146 4.785612 0.977317 0.02389115 -229.055
147 4.785612 0.977317 0.02389115 -229.055
148 4.903155 0.973551 0.02361030 -240.316
149 4.903155 0.973551 0.02361030 -240.316
150 4.903155 0.973551 0.02361030 -240.316
151 4.785612 0.977317 0.02389115 -229.055
152 4.785612 0.977317 0.02389115 -229.055
153 4.785612 0.977317 0.02389106 -229.080
154 4.785612 0.977317 0.02389106 -229.080
155 4.728202 0.975205 0.02201216 -227.349
156 4.728202 0.975205 0.02201216 -227.349
157 4.728202 0.975205 0.02201216 -227.349
158 4.785612 0.977317 0.02389106 -229.080
159 4.728202 0.975205 0.02201216 -227.349
160 4.630983 0.992875 0.02203599 -214.938
161 4.728202 0.975205 0.02201201 -227.319
162 4.630983 0.992875 0.02203599 -214.938
163 4.630983 0.992875 0.02203599 -214.938
164 4.728202 0.975205 0.02201201 -227.319
165 4.728202 0.975205 0.02201201 -227.319
166 4.728202 0.975205 0.02201201 -227.319
167 4.219183 1.015387 0.02129683 -205.435
168 4.728202 0.975205 0.02201201 -227.323
169 4.219183 1.015387 0.02129683 -205.435
170 4.219183 1.015387 0.02129683 -205.435
171 4.728202 0.975205 0.02201201 -227.323
172 4.219183 1.015387 0.02129683 -205.435
173 4.219183 1.015387 0.02129683 -205.435
174 4.219183 1.015387 0.02129683 -205.435
175 4.401542 0.996613 0.01939646 -207.836
176 4.467428 0.979389 0.01956048 -209.949
177 4.401542 0.996613 0.01939637 -207.853
178 4.401542 0.996613 0.01939639 -207.839
179 4.480285 1.007535 0.02137261 -200.319
180 4.401542 0.996613 0.01939639 -207.839
181 4.480285 1.007535 0.02137261 -200.319
182 4.480285 1.007535 0.02137261 -200.319
183 4.401542 0.996613 0.01939639 -207.839
184 4.401542 0.996613 0.01939639 -207.839
185 4.401542 0.996613 0.01939639 -207.839
186 4.480285 1.007535 0.02137261 -200.319
187 4.401542 0.996613 0.01939639 -207.839
188 4.480285 1.007535 0.02137261 -200.319
189 4.480285 1.007535 0.02137261 -200.319
190 4.401542 0.996613 0.01939639 -207.839
191 4.480285 1.007535 0.02137261 -200.319
192 4.401542 0.996613 0.01939639 -207.839
193 4.480285 1.007535 0.02137261 -200.319
194 4.480285 1.007535 0.02137261 -200.319
195 4.480285 1.007535 0.02137261 -200.319
196 4.480285 1.007535 0.02137261 -200.319
197 4.480285 1.007535 0.02137261 -200.319
198 4.401542 0.996613 0.01939639 -207.839
199 4.401542 0.996613 0.01939639 -207.839
200 4.480285 1.007535 0.02137261 -200.319
201 4.401542 0.996613 0.01939639 -207.839
202 4.480285 1.007535 0.02137261 -200.319
203 4.401542 0.996613 0.01939639 -207.839
204 4.401542 0.996613 0.01939639 -207.839
205 4.401542 0.996613 0.01939639 -207.839
206 4.401542 0.996613 0.01939639 -207.839
207 4.168296 0.988369 0.01666181 -204.793
208 4.168296 0.988369 0.01666172 -204.827
209 4.266228 1.008298 0.02227447 -216.284
210 4.266228 1.008298 0.02227447 -216.284
211 4.266228 1.008298 0.02227447 -216.284
212 4.266228 1.008298 0.02227447 -216.284
213 4.266228 1.008298 0.02227447 -216.284
214 4.266228 1.008298 0.02227447 -216.284
215 4.493996 0.994206 0.02154880 -231.808
216 4.493996 0.994206 0.02154880 -231.808
217 4.493996 0.994206 0.02154880 -231.808
218 4.266228 1.008298 0.02227393 -216.313
219 4.493996 0.994206 0.02154880 -231.808
220 4.493996 0.994206 0.02154880 -231.808
221 4.266228 1.008298 0.02227393 -216.313
222 4.266228 1.008298 0.02227393 -216.313
223 4.493996 0.994206 0.02154880 -231.808
224 4.266228 1.008298 0.02227393 -216.313
225 4.493996 0.994206 0.02154880 -231.808
226 4.493996 0.994206 0.02154880 -231.808
227 4.266228 1.008298 0.02227393 -216.313
228 4.493996 0.994206 0.02154880 -231.808
229 4.266228 1.008298 0.02227393 -216.313
230 4.266228 1.008298 0.02227393 -216.313
231 4.266228 1.008298 0.02227393 -216.313
232 4.266228 1.008298 0.02227393 -216.313
233 4.493996 0.994206 0.02154880 -231.808
234 4.411874 1.010243 0.02482261 -239.577
235 4.493996 0.994204 0.02154828 -231.788
236 4.493996 0.994204 0.02154828 -231.788
237 4.493996 0.994204 0.02154828 -231.788
238 4.493996 0.994204 0.02154828 -231.788
239 4.411874 1.010243 0.02482261 -239.577
240 4.411874 1.010243 0.02482261 -239.577
241 4.493996 0.994204 0.02154828 -231.788
242 4.493996 0.994204 0.02154828 -231.788
243 4.411874 1.010243 0.02482261 -239.577
244 4.411874 1.010243 0.02482261 -239.577
245 4.493996 0.994204 0.02154828 -231.788
246 4.493996 0.994204 0.02154828 -231.788
247 4.493996 0.994204 0.02154828 -231.788
248 4.493996 0.994204 0.02154828 -231.788
249 4.493996 0.994204 0.02154828 -231.788
250 4.493996 0.994204 0.02154828 -231.788
251 4.332179 0.977397 0.01914979 -223.675
252 4.332179 0.977397 0.01914979 -223.675
253 4.493996 0.994204 0.02154828 -231.788
254 4.467583 1.002961 0.02339781 -221.813
255 4.467583 1.002961 0.02339781 -221.813
256 4.493996 0.994204 0.02154828 -231.788
257 4.493996 0.994204 0.02154828 -231.788
258 4.467583 1.002961 0.02339781 -221.813
259 4.493996 0.994204 0.02154828 -231.788
260 4.493996 0.994204 0.02154828 -231.788
261 4.493996 0.994204 0.02154828 -231.788
262 4.467583 1.002961 0.02339781 -221.813
263 4.467583 1.002961 0.02339781 -221.813
264 4.493996 0.994204 0.02154828 -231.788
265 4.493996 0.994204 0.02154828 -231.788
266 4.493996 0.994204 0.02154828 -231.788
267 4.493996 0.994204 0.02154828 -231.788
268 4.467583 1.002961 0.02339781 -221.813
269 4.467583 1.002961 0.02339781 -221.813
270 4.544031 1.010728 0.02546123 -233.991
271 4.544031 1.010728 0.02546123 -233.991
272 4.544031 1.010728 0.02546123 -233.991
273 4.544031 1.010728 0.02546123 -233.991
274 4.467583 1.002961 0.02339771 -221.757
275 4.308941 0.991863 0.01970543 -204.518
276 4.467583 1.002961 0.02339771 -221.754
277 4.308941 0.991863 0.01970543 -204.518
278 4.467583 1.002961 0.02339771 -221.754
279 4.467583 1.002961 0.02339771 -221.754
280 4.467583 1.002961 0.02339771 -221.754
281 4.467583 1.002961 0.02339771 -221.754
282 4.467583 1.002961 0.02339771 -221.754
283 4.308941 0.991863 0.01970543 -204.518
284 4.308941 0.991863 0.01970543 -204.518
285 4.308941 0.991863 0.01970543 -204.518
286 4.467583 1.002961 0.02339771 -221.754
287 4.308941 0.991863 0.01970543 -204.518
288 4.467583 1.002961 0.02339771 -221.754
289 4.467583 1.002961 0.02339771 -221.754
290 4.265032 1.002214 0.02185310 -213.313
291 4.265032 1.002214 0.02185310 -213.313
292 4.265032 1.002220 0.02185353 -213.375
293 4.265032 1.002220 0.02185353 -213.375
294 4.162568 1.124334 0.02235301 -220.645
295 4.265032 1.002220 0.02185353 -213.375
296 4.168279 1.041673 0.02131682 -218.555
297 4.168279 1.041673 0.02131682 -218.555
298 4.472532 0.977473 0.02285042 -211.723
299 4.472532 0.977473 0.02285042 -211.723
300 4.168279 1.041667 0.02131651 -218.525
301 4.168279 1.041667 0.02131655 -218.526
302 4.168279 1.041667 0.02131655 -218.526
303 4.168279 1.041667 0.02131655 -218.526
304 4.168279 1.041667 0.02131655 -218.526
305 4.168279 1.041667 0.02131655 -218.526
306 4.319870 1.052380 0.02169635 -208.163
307 4.168279 1.041667 0.02131655 -218.526
308 4.168279 1.041667 0.02131655 -218.526
309 4.352837 0.992213 0.02117363 -215.329
310 4.352837 0.992213 0.02117363 -215.329
311 4.168279 1.041667 0.02131655 -218.526
312 4.168279 1.041667 0.02131655 -218.526
313 4.707628 0.986781 0.02331133 -227.115
314 4.168279 1.041667 0.02131655 -218.526
315 4.707628 0.986781 0.02331133 -227.115
316 4.707628 0.986781 0.02331133 -227.115
317 4.707628 0.986781 0.02331133 -227.115
318 4.168279 1.041667 0.02131655 -218.526
319 4.168279 1.041667 0.02131655 -218.526
320 4.707628 0.986781 0.02331133 -227.115
321 4.707628 0.986781 0.02331133 -227.135
322 4.707628 0.986781 0.02331133 -227.135
323 4.707628 0.986781 0.02331133 -227.135
324 4.716600 0.993889 0.02364922 -239.383
325 4.716600 0.993889 0.02364922 -239.383
326 4.716600 0.993889 0.02364922 -239.383
327 4.716600 0.993889 0.02364922 -239.383
328 4.707628 0.986781 0.02331133 -227.134
329 4.707628 0.986781 0.02331133 -227.134
330 4.707628 0.986781 0.02331133 -227.134
331 4.707628 0.986781 0.02331133 -227.134
332 4.707628 0.986781 0.02331133 -227.134
333 4.707628 0.986781 0.02331133 -227.134
334 4.707628 0.986781 0.02331133 -227.134
335 4.427519 1.164905 0.02133534 -238.190
336 4.037017 1.177580 0.02070766 -219.837
337 4.427519 1.164905 0.02133536 -238.231
338 4.427519 1.164905 0.02133536 -238.231
339 4.037017 1.177580 0.02070766 -219.837
340 4.037017 1.177580 0.02070766 -219.837
341 4.037017 1.177672 0.02070737 -219.839
342 4.037017 1.177672 0.02070737 -219.839
343 4.206176 1.021071 0.02254820 -235.880
344 4.206176 1.021071 0.02254820 -235.880
345 4.037017 1.177672 0.02070735 -219.828
346 4.206176 1.021071 0.02254820 -235.880
347 4.206176 1.021071 0.02254820 -235.880
348 4.206176 1.021071 0.02254820 -235.880
349 4.206176 1.021071 0.02254820 -235.880
350 4.037017 1.177672 0.02070735 -219.828
351 3.964902 0.998294 0.01570583 -197.376
352 3.964902 0.998294 0.01570589 -197.371
353 3.964902 0.998294 0.01570589 -197.373
354 4.077001 1.052747 0.01977354 -221.834
355 4.129501 1.208958 0.02160599 -223.386
356 4.210401 1.384318 0.02034632 -220.145
357 4.129501 1.208958 0.02160598 -223.415
358 4.129501 1.208958 0.02160598 -223.415
359 4.210401 1.384318 0.02034632 -220.145
360 4.210401 1.384318 0.02034632 -220.145
361 4.129501 1.208958 0.02160598 -223.415
362 4.129501 1.208958 0.02160598 -223.415
363 4.129501 1.208958 0.02160598 -223.415
364 4.194943 1.241962 0.02097939 -216.490
365 4.190689 1.150949 0.02343461 -215.288
366 4.452388 1.090874 0.02443428 -215.346
367 4.452388 1.090878 0.02443459 -215.397
368 4.333770 1.193107 0.02388829 -229.416
369 4.333770 1.193144 0.02388840 -229.394
370 4.333770 1.193144 0.02388840 -229.394
371 4.291009 1.202058 0.02187891 -208.692
372 4.333770 1.193144 0.02388840 -229.394
373 4.333770 1.193144 0.02388840 -229.395
374 4.122704 1.270082 0.02096920 -201.839
375 4.122704 1.270082 0.02096904 -201.868
376 4.122704 1.270082 0.02096904 -201.868
377 4.122704 1.270082 0.02096904 -201.868
378 4.122704 1.270082 0.02096904 -201.868
379 4.122704 1.270082 0.02096904 -201.868
380 4.122704 1.270082 0.02096904 -201.868
381 4.122704 1.270082 0.02096904 -201.868
382 4.253946 0.882853 0.02102910 -209.744
383 4.122704 1.270082 0.02096904 -201.868
384 4.122704 1.270082 0.02096904 -201.868
385 4.253946 0.882853 0.02102910 -209.744
386 4.122704 1.270082 0.02096904 -201.868
387 4.253946 0.882853 0.02102910 -209.744
388 4.122704 1.270082 0.02096904 -201.868
389 4.154209 1.032465 0.01955035 -201.018
390 4.192425 0.853470 0.01918533 -201.491
391 4.192425 0.853470 0.01918533 -201.491
392 4.154209 1.032465 0.01955033 -201.005
393 4.192425 0.853470 0.01918533 -201.491
394 4.192425 0.853468 0.01918505 -201.480
395 4.064890 1.110695 0.01670436 -197.148
396 4.192425 0.853468 0.01918505 -201.480
397 4.192425 0.853468 0.01918505 -201.481
398 4.471735 0.696902 0.01873502 -201.305
399 4.471735 0.696902 0.01873504 -201.297
400 4.471735 0.696902 0.01873504 -201.297
401 4.471735 0.696902 0.01873504 -201.297
402 4.648720 0.189023 0.02116942 -212.265
403 4.471735 0.696902 0.01873504 -201.296
404 4.471735 0.696902 0.01873504 -201.296
405 4.471735 0.696902 0.01873504 -201.296
406 4.202440 0.779637 0.01839720 -208.480
407 4.202440 0.779637 0.01839720 -208.480
408 4.202440 0.779637 0.01839721 -208.500
409 3.893886 0.992273 0.01660825 -190.736
410 3.893886 0.992273 0.01660835 -190.733
411 3.893886 0.992273 0.01660835 -190.733
412 4.180870 0.676711 0.01697807 -206.438
413 4.180870 0.676710 0.01697801 -206.479
414 4.168209 0.719373 0.01692664 -219.067
415 3.967983 0.958363 0.01654756 -223.657
416 4.054392 0.815137 0.01747101 -213.353
417 3.967983 0.958354 0.01654716 -223.686
418 3.965332 1.213501 0.01811319 -211.593
419 3.965332 1.213501 0.01811358 -211.601
420 3.760067 1.137291 0.01700740 -204.573
421 3.760067 1.137291 0.01700740 -204.589
422 3.760067 1.137291 0.01700740 -204.589
423 3.675856 1.096387 0.01414052 -205.718
424 3.675856 1.096387 0.01414062 -205.732
425 3.675856 1.096387 0.01414062 -205.733
426 3.675856 1.096387 0.01414062 -205.733
427 3.616240 1.101230 0.01158246 -191.982
428 3.616240 1.101230 0.01158262 -191.995
429 3.616240 1.101230 0.01158262 -191.995
430 3.781607 0.895088 0.01305960 -205.355
431 3.621962 1.417669 0.01238980 -190.585
432 3.781607 0.894456 0.01305956 -205.331
433 3.781607 0.894456 0.01305956 -205.331
434 3.781607 0.894456 0.01305956 -205.331
435 3.695334 0.729467 0.01195369 -179.271
436 3.695334 0.729467 0.01195386 -179.309
437 3.514442 0.849032 0.00813955 -185.130
438 3.514442 0.849032 0.00813983 -185.107
439 3.493260 0.261401 0.00771848 -176.451
440 3.493260 0.261401 0.00771843 -176.466
441 3.493260 0.261401 0.00771843 -176.466
442 3.493260 0.261401 0.00771843 -176.466
443 3.493260 0.261401 0.00771843 -176.466
444 3.493260 0.261401 0.00771843 -176.466
445 3.493260 0.261401 0.00771843 -176.466
446 3.493260 0.261401 0.00771843 -176.466
447 3.493260 0.261401 0.00771843 -176.466
448 3.493260 0.261401 0.00771843 -176.466
449 3.554593 0.293350 0.00849723 -188.638
450 3.554593 0.293350 0.00849733 -188.647
451 3.799255 0.480676 0.00907521 -184.560
452 3.799255 0.480676 0.00907499 -184.519
453 3.799255 0.480676 0.00907499 -184.516
454 3.799255 0.480676 0.00907499 -184.516
455 3.627354 0.771691 0.00943324 -190.798
456 3.371441 1.047844 0.00878685 -169.741
457 3.371441 1.047844 0.00878685 -169.741
458 3.627354 0.771691 0.00943323 -190.844
459 3.627354 0.771691 0.00943323 -190.844
460 3.627354 0.771691 0.00943323 -190.844
461 3.534305 0.990359 0.00935436 -180.197
462 3.534305 0.990359 0.00935436 -180.197
463 3.534305 0.990304 0.00935428 -180.165
464 3.316959 1.056922 0.00663098 -184.025
465 3.387117 1.049084 0.01070607 -186.670
466 3.316959 1.056922 0.00663095 -184.048
467 3.316959 1.056922 0.00663095 -184.048
468 3.316959 1.056922 0.00663095 -184.047
469 3.256777 0.815389 0.00688518 -163.961
470 3.316959 1.056922 0.00663095 -184.047
471 3.398971 0.987281 0.00677930 -187.746
472 3.183752 1.130608 0.00553359 -170.121
473 3.398971 0.987281 0.00677914 -187.770
474 3.398971 0.987281 0.00677914 -187.770
475 3.398971 0.987281 0.00677914 -187.770
476 3.183752 1.130608 0.00553359 -170.121
477 3.398971 0.987281 0.00677914 -187.770
478 3.183752 1.130608 0.00553359 -170.121
479 3.183752 1.130608 0.00553359 -170.121
480 3.398971 0.987281 0.00677914 -187.770
481 3.183752 1.130608 0.00553359 -170.121
482 3.183752 1.130608 0.00553358 -170.115
483 3.170575 1.195026 0.00662227 -175.298
484 3.183752 1.130608 0.00553358 -170.115
485 3.170621 1.179204 0.00585714 -181.631
486 3.183752 1.130608 0.00553358 -170.115
487 3.183752 1.130608 0.00553358 -170.115
488 3.170621 1.179204 0.00585714 -181.631
489 3.170621 1.179204 0.00585717 -181.637
490 3.170621 1.179204 0.00585717 -181.637
491 3.279614 1.127840 0.00821754 -192.695
492 3.279614 1.127840 0.00821772 -192.692
493 2.966298 1.067185 0.00412303 -155.979
494 3.279614 1.127840 0.00821772 -192.692
495 2.966298 1.067185 0.00412303 -155.979
496 2.966298 1.067185 0.00412295 -155.957
497 2.966298 1.067185 0.00412295 -155.957
498 2.966298 1.067185 0.00412295 -155.947
499 3.261627 1.068989 0.00707690 -180.246
500 3.249876 0.831492 0.00741515 -175.709
501 3.249876 0.831492 0.00741538 -175.705
502 3.249876 0.831492 0.00741538 -175.705
503 3.238719 1.015303 0.00769005 -174.799
504 3.332010 0.948550 0.00973183 -179.715
505 3.332010 0.948550 0.00973183 -179.715
506 3.238719 1.015305 0.00769026 -174.775
507 3.238719 1.015305 0.00769026 -174.775
508 3.240223 0.964213 0.00796263 -177.779
509 3.240223 0.964213 0.00796263 -177.779
510 3.238719 1.015305 0.00769026 -174.775
511 3.238719 1.015305 0.00769026 -174.775
512 3.240223 0.964213 0.00796263 -177.779
513 3.240223 0.964213 0.00796263 -177.779
514 3.364541 1.001475 0.00860069 -195.216
515 3.240223 0.964213 0.00796266 -177.828
516 3.240223 0.964213 0.00796266 -177.827
517 3.065475 1.009812 0.00557268 -174.180
518 3.240223 0.964213 0.00796266 -177.827
519 3.240223 0.964213 0.00796266 -177.827
520 3.240223 0.964213 0.00796266 -177.827
521 3.240223 0.964213 0.00796266 -177.827
522 3.065475 1.009812 0.00557268 -174.180
523 3.240223 0.964213 0.00796266 -177.827
524 3.065475 1.009812 0.00557268 -174.180
525 3.065475 1.009812 0.00557276 -174.163
526 3.065475 1.009812 0.00557276 -174.163
527 3.065475 1.009812 0.00557276 -174.163
528 2.797200 1.007262 0.00377292 -159.740
529 2.797200 1.007262 0.00377292 -159.740
530 2.797200 1.007262 0.00377292 -159.740
531 2.797200 1.007262 0.00377292 -159.740
532 3.065475 1.009812 0.00557276 -174.163
533 3.065475 1.009812 0.00557276 -174.163
534 3.065475 1.009812 0.00557276 -174.163
535 2.797200 1.007262 0.00377292 -159.740
536 2.797200 1.007262 0.00377292 -159.740
537 3.065475 1.009812 0.00557276 -174.163
538 3.065475 1.009812 0.00557276 -174.163
539 2.797200 1.007262 0.00377292 -159.740
540 3.065475 1.009812 0.00557276 -174.163
541 3.065475 1.009812 0.00557276 -174.161
542 3.414527 0.861140 0.00907893 -182.559
543 3.689308 0.974869 0.01141451 -197.539
544 3.474812 0.808301 0.00808835 -199.981
545 3.474812 0.808301 0.00808839 -199.995
546 3.329765 1.008386 0.00845222 -182.014
547 3.329765 1.008386 0.00845223 -181.982
548 3.329765 1.008386 0.00845223 -181.982
549 3.374564 1.001073 0.00784395 -172.598
550 3.650301 0.996294 0.01187108 -192.740
551 3.565992 1.022686 0.01340897 -191.670
552 3.565992 1.022686 0.01340879 -191.645
553 3.708194 0.962851 0.01143737 -173.066
554 3.565992 1.022686 0.01340879 -191.644
555 3.708194 0.962851 0.01143737 -173.066
556 3.708194 0.962851 0.01143737 -173.066
557 3.708194 0.962851 0.01143738 -173.056
558 3.708194 0.962851 0.01143738 -173.056
559 3.708194 0.962851 0.01143738 -173.052
560 3.807376 1.003396 0.01734403 -186.347
561 3.807376 1.003396 0.01734403 -186.347
562 3.807376 1.003396 0.01734419 -186.370
563 3.692243 0.995962 0.01349900 -187.474
564 3.807376 1.003396 0.01734419 -186.370
565 3.807376 1.003396 0.01734419 -186.370
566 3.692243 0.995962 0.01349900 -187.474
567 3.759074 0.976541 0.01237462 -180.737
568 3.686769 1.024325 0.01228722 -192.207
569 3.759074 0.976541 0.01237465 -180.742
570 3.759074 0.976541 0.01237465 -180.742
571 3.759074 0.976541 0.01237465 -180.742
572 3.759074 0.976541 0.01237465 -180.742
573 3.759074 0.976541 0.01237465 -180.742
574 3.688850 1.049006 0.01591897 -202.125
575 3.688850 1.049006 0.01591919 -202.138
576 3.688850 1.049006 0.01591919 -202.138
577 3.724656 1.012694 0.01488420 -208.227
578 4.078584 1.034330 0.01874891 -215.486
579 3.723809 1.084428 0.01245636 -204.614
580 3.612806 1.036065 0.01273744 -187.573
581 3.612806 1.036065 0.01273744 -187.573
582 3.723809 1.084428 0.01245645 -204.594
583 3.612806 1.036065 0.01273744 -187.573
584 3.723809 1.084428 0.01245645 -204.594
585 3.723809 1.084428 0.01245645 -204.594
586 3.612806 1.036065 0.01273744 -187.573
587 3.612806 1.036061 0.01273736 -187.547
588 3.678617 0.954159 0.01302748 -198.332
589 3.646011 0.992599 0.01395601 -204.258
590 3.678617 0.953882 0.01302714 -198.337
591 3.646011 0.992599 0.01395601 -204.258
592 3.646011 0.992599 0.01395601 -204.258
593 3.646132 1.021130 0.01418546 -204.615
594 3.949722 1.007520 0.01907109 -228.310
595 4.032843 1.012811 0.01700217 -203.758
596 3.759695 1.013462 0.01482326 -215.858
597 4.032843 1.012811 0.01700259 -203.778
598 3.759695 1.013462 0.01482326 -215.858
599 3.813018 1.037132 0.01636520 -202.509
600 3.687186 1.017776 0.01265907 -209.517
601 3.813018 1.037132 0.01636496 -202.498
602 3.927744 1.074598 0.01745391 -222.857
603 3.927744 1.074598 0.01745403 -222.913
604 3.927744 1.074598 0.01745403 -222.914
605 4.110127 1.015749 0.01641765 -207.423
606 4.110127 1.015749 0.01641765 -207.423
607 4.110127 1.015749 0.01641765 -207.423
608 4.110127 1.015749 0.01641775 -207.407
609 4.110127 1.015749 0.01641775 -207.407
610 4.110127 1.015749 0.01641775 -207.407
611 3.774957 1.099961 0.01388229 -199.468
612 3.774957 1.099961 0.01388229 -199.468
613 3.774957 1.099961 0.01388229 -199.468
614 3.615567 1.173723 0.01270756 -189.169
615 3.615567 1.173723 0.01270770 -189.160
616 3.615567 1.173723 0.01270770 -189.160
617 3.615567 1.173723 0.01270770 -189.160
618 3.615567 1.173723 0.01270770 -189.160
619 3.550784 1.378394 0.01443907 -194.682
620 3.550784 1.378394 0.01443909 -194.699
621 3.642434 1.012263 0.01111388 -185.998
622 3.550784 1.378394 0.01443909 -194.699
623 3.642434 1.012263 0.01111388 -185.998
624 3.642434 1.012263 0.01111372 -185.997
625 3.642434 1.012263 0.01111372 -185.997
626 3.857723 1.018518 0.01392308 -209.019
627 3.642434 1.012263 0.01111372 -185.997
628 3.857723 1.018518 0.01392308 -209.019
629 3.857723 1.018426 0.01392299 -209.016
630 3.621649 0.994858 0.01132091 -177.800
631 3.621649 0.994671 0.01132019 -177.760
632 3.621649 0.994671 0.01132019 -177.760
633 3.873930 1.022306 0.01346008 -200.675
634 3.873930 1.022311 0.01346010 -200.688
635 3.755811 1.029278 0.01367787 -186.672
636 3.755811 1.029278 0.01367724 -186.685
637 3.556235 1.043905 0.01220089 -187.758
638 3.556235 1.043905 0.01220099 -187.755
639 3.773055 1.013853 0.01271601 -203.161
640 3.773055 1.013853 0.01271542 -203.206
641 3.543211 1.086451 0.01091812 -171.643
642 3.543211 1.086451 0.01091812 -171.643
643 3.543211 1.086514 0.01091814 -171.634
644 3.543211 1.086514 0.01091814 -171.634
645 3.543211 1.086514 0.01091814 -171.634
646 3.543211 1.086514 0.01091814 -171.634
647 3.543211 1.086514 0.01091814 -171.633
648 3.651271 1.087335 0.01238132 -180.681
649 3.543211 1.086514 0.01091814 -171.633
650 3.543211 1.086514 0.01091814 -171.633
651 3.471312 1.087520 0.01105962 -173.643
652 3.471312 1.087520 0.01105962 -173.643
653 3.467369 1.148863 0.01046163 -159.583
654 3.471312 1.087520 0.01105963 -173.653
655 3.471312 1.087520 0.01105963 -173.653
656 3.609428 1.162379 0.01213314 -174.762
657 3.753013 1.054719 0.01424823 -191.715
658 3.609428 1.162379 0.01213326 -174.748
659 3.609428 1.162379 0.01213326 -174.748
660 3.609428 1.162379 0.01213326 -174.748
661 3.738729 1.055812 0.01466966 -195.936
662 3.738729 1.055812 0.01467025 -195.934
663 3.738729 1.055812 0.01467025 -195.932
664 3.606035 1.075000 0.01161788 -176.316
665 3.606035 1.075000 0.01161788 -176.316
666 3.606035 1.075000 0.01161807 -176.369
667 3.624101 1.032277 0.01324638 -202.489
668 3.606035 1.075000 0.01161807 -176.369
669 3.606035 1.075000 0.01161807 -176.369
670 3.606035 1.075000 0.01161806 -176.357
671 3.606035 1.075000 0.01161806 -176.357
672 3.606035 1.075000 0.01161806 -176.357
673 3.606035 1.075000 0.01161806 -176.357
674 3.674178 1.100221 0.01487053 -185.856
675 3.606035 1.075000 0.01161806 -176.357
676 3.606035 1.075000 0.01161806 -176.357
677 3.680165 1.055772 0.01299594 -187.984
678 3.614654 1.055038 0.00977275 -186.865
679 3.614654 1.055038 0.00977275 -186.865
680 3.614654 1.055359 0.00977292 -186.898
681 3.417552 1.103580 0.01070416 -190.990
682 3.417552 1.103580 0.01070467 -190.968
683 3.417552 1.103580 0.01070467 -190.970
684 3.699189 1.018477 0.01389903 -199.684
685 3.513489 1.031341 0.00980543 -191.953
686 3.513489 1.031341 0.00980538 -191.954
687 3.513489 1.031341 0.00980538 -191.954
688 3.513489 1.031341 0.00980538 -191.955
689 3.513489 1.031341 0.00980538 -191.955
690 3.322319 1.091416 0.00806961 -180.269
691 3.513489 1.031341 0.00980538 -191.955
692 3.513489 1.031341 0.00980538 -191.955
693 3.513489 1.031341 0.00980538 -191.955
694 3.492668 1.028049 0.01219422 -196.024
695 3.673707 1.034048 0.01340274 -197.878
696 3.683979 1.025677 0.01504400 -201.473
697 3.673707 1.034048 0.01340331 -197.871
698 3.683979 1.025677 0.01504400 -201.473
699 3.970277 0.947296 0.01622658 -199.527
700 3.683979 1.025677 0.01504440 -201.484
701 3.683979 1.025677 0.01504440 -201.484
702 3.683979 1.025677 0.01504440 -201.484
703 3.692761 1.016086 0.01437562 -195.789
704 3.692761 1.016128 0.01437666 -195.811
705 3.692761 1.016128 0.01437666 -195.815
706 3.605834 1.036957 0.01218166 -180.181
707 3.605834 1.036957 0.01218166 -180.180
708 3.749798 0.966105 0.01424789 -202.746
709 3.749798 0.966105 0.01424789 -202.746
710 3.749798 0.966105 0.01424778 -202.734
711 3.546728 1.051055 0.01214250 -182.875
712 3.546728 1.051055 0.01214250 -182.875
713 3.737936 0.988499 0.01310118 -179.023
714 3.737936 0.988499 0.01310118 -179.023
715 3.737936 0.988330 0.01310122 -179.001
716 3.737936 0.988330 0.01310122 -179.001
717 3.737936 0.988330 0.01310122 -179.004
718 4.032228 0.982327 0.01708379 -202.514
719 4.164301 1.003794 0.01735020 -188.651
720 4.164301 1.003794 0.01735070 -188.684
721 4.164301 1.003794 0.01735070 -188.684
722 4.164301 1.003794 0.01735070 -188.685
723 4.164301 1.003794 0.01735070 -188.685
724 4.164301 1.003794 0.01735070 -188.685
725 4.164301 1.003794 0.01735070 -188.685
726 4.164301 1.003794 0.01735070 -188.685
727 4.146900 1.011130 0.01997518 -212.621
728 4.146900 1.011130 0.01997525 -212.666
729 4.279578 0.970187 0.01756083 -219.278
730 4.131943 0.983463 0.01873426 -207.633
731 4.025091 1.005838 0.01764710 -207.695
732 3.940367 1.006047 0.01765792 -198.907
733 4.025091 1.005838 0.01764710 -207.718
734 4.025091 1.005838 0.01764710 -207.718
735 4.093760 0.995690 0.01804215 -201.806
736 4.093760 0.995691 0.01804205 -201.790
737 4.093760 0.995691 0.01804205 -201.787
738 4.093760 0.995691 0.01804205 -201.787
739 4.093760 0.995691 0.01804205 -201.787
740 3.847105 1.061232 0.01790780 -189.409
741 4.093760 0.995691 0.01804205 -201.787
742 4.139220 0.993552 0.01763343 -196.547
743 4.139220 0.993552 0.01763343 -196.547
744 4.139220 0.993552 0.01763343 -196.547
745 4.139220 0.993552 0.01763343 -196.547
746 3.951419 1.014272 0.01769911 -211.238
747 3.922685 1.001633 0.01731151 -190.824
748 3.922685 1.001633 0.01731151 -190.824
749 3.922685 1.001633 0.01731197 -190.835
750 4.002656 1.009668 0.01718684 -194.253
751 4.002656 1.009668 0.01718684 -194.197
752 3.845619 1.013576 0.01562971 -191.246
753 3.845619 1.013576 0.01562971 -191.246
754 3.845619 1.013576 0.01562971 -191.246
755 3.798189 0.976417 0.01365360 -194.071
756 3.922851 0.926669 0.01428809 -204.711
757 3.729140 1.033110 0.01494472 -192.589
758 3.729140 1.033110 0.01494472 -192.589
759 3.907019 0.989605 0.01574372 -190.006
760 3.951163 0.966064 0.01445097 -200.067
761 3.951163 0.966064 0.01445097 -200.067
762 3.907019 0.989734 0.01574428 -189.987
763 3.907019 0.989734 0.01574428 -189.987
764 3.951163 0.966064 0.01445097 -200.067
765 3.822015 1.022252 0.01766247 -188.640
766 3.822015 1.022247 0.01766238 -188.607
767 3.822015 1.022247 0.01766238 -188.607
768 3.882834 1.002037 0.01634182 -183.611
769 3.822015 1.022247 0.01766238 -188.607
770 3.822015 1.022247 0.01766238 -188.606
771 3.822015 1.022247 0.01766238 -188.606
772 3.822015 1.022247 0.01766238 -188.606
773 3.822015 1.022247 0.01766238 -188.606
774 3.920925 0.999253 0.01723465 -196.937
775 3.822015 1.022247 0.01766238 -188.606
776 3.822015 1.022247 0.01766238 -188.606
777 3.784917 1.002016 0.01632049 -190.290
778 3.784917 1.002016 0.01632090 -190.288
779 3.784917 1.002016 0.01632090 -190.288
780 3.784917 1.002016 0.01632031 -190.297
781 3.743039 0.982899 0.01224199 -183.203
782 3.784917 1.002016 0.01632031 -190.297
783 3.743039 0.982899 0.01224199 -183.203
784 3.743039 0.982899 0.01224199 -183.203
785 3.743039 0.982879 0.01224188 -183.185
786 3.708802 0.990164 0.01230550 -184.334
787 3.743039 0.982879 0.01224188 -183.185
788 3.743039 0.982879 0.01224188 -183.185
789 3.743039 0.982879 0.01224188 -183.185
790 3.743039 0.982879 0.01224188 -183.185
791 3.675038 0.917202 0.01119547 -188.867
792 3.675038 0.917202 0.01119574 -188.873
793 3.209043 1.013366 0.00760447 -173.400
794 3.209043 1.013366 0.00760447 -173.400
795 3.209043 1.013366 0.00760447 -173.400
796 3.675038 0.917202 0.01119574 -188.870
797 3.675038 0.917202 0.01119574 -188.870
798 3.805500 0.994882 0.01253641 -186.160
799 3.805500 0.994882 0.01253641 -186.160
800 3.805500 0.994882 0.01253639 -186.158
801 3.805500 0.994882 0.01253639 -186.158
802 3.805500 0.994882 0.01253639 -186.158
803 3.730208 1.024663 0.01519484 -203.146
804 3.730208 1.024663 0.01519453 -203.142
805 3.730208 1.024663 0.01519453 -203.145
806 3.730208 1.024663 0.01519453 -203.145
807 3.721940 0.990279 0.01455576 -178.979
808 3.832350 0.994623 0.01419988 -187.763
809 3.832350 0.994623 0.01419994 -187.736
810 3.880939 1.010098 0.01541946 -199.517
811 3.880939 1.010098 0.01541943 -199.521
812 3.880939 1.010098 0.01541943 -199.519
813 3.836588 0.999350 0.01517534 -193.401
814 3.836588 0.999350 0.01517534 -193.401
815 3.943102 1.005189 0.01523889 -194.164
816 3.943102 1.005189 0.01523889 -194.134
817 3.875539 1.014941 0.01576180 -193.025
818 3.875539 1.014938 0.01576184 -192.960
819 3.875539 1.014938 0.01576184 -192.960
820 3.875539 1.014938 0.01576184 -192.959
821 3.914068 1.004810 0.01441605 -193.978
822 3.868542 0.995320 0.01530134 -187.785
823 3.914068 1.004810 0.01441575 -193.962
824 3.914068 1.004810 0.01441575 -193.959
825 3.917902 1.005371 0.01605707 -203.021
826 3.917902 1.005371 0.01605728 -202.989
827 3.955293 0.998664 0.01495085 -194.360
828 3.828761 0.991567 0.01357160 -181.417
829 3.828761 0.991567 0.01357186 -181.388
830 3.828761 0.991567 0.01357186 -181.388
831 3.974280 1.008423 0.01732848 -195.373
832 3.974280 1.008426 0.01732835 -195.416
833 3.974280 1.008426 0.01732835 -195.417
834 3.813888 1.040691 0.01433309 -191.788
835 4.011996 1.009731 0.01571073 -203.861
836 4.011996 1.009731 0.01571073 -203.861
837 3.668238 1.052768 0.01381007 -197.939
838 3.668238 1.052768 0.01381024 -197.961
839 3.668238 1.052768 0.01381024 -197.961
840 3.668238 1.052768 0.01381024 -197.965
841 3.825526 1.011672 0.01498672 -206.110
842 3.956335 0.661247 0.01271774 -197.535
843 3.939332 0.873699 0.01173671 -196.315
844 4.258645 0.823584 0.01791106 -223.921
845 4.258645 0.823584 0.01791106 -223.921
846 3.939332 0.873699 0.01173683 -196.311
847 4.079439 0.885474 0.01493286 -207.751
848 3.939332 0.873699 0.01173684 -196.306
849 4.079439 0.885474 0.01493286 -207.751
850 3.897176 0.998939 0.01358250 -191.674
851 4.079439 0.885474 0.01493285 -207.781
852 4.079439 0.885474 0.01493285 -207.781
853 4.079439 0.885474 0.01493285 -207.781
854 3.940783 0.992894 0.01271632 -188.073
855 3.936458 0.991161 0.01430365 -188.072
856 3.940783 0.992894 0.01271603 -188.096
857 3.914198 1.014109 0.01543211 -196.916
858 3.914198 1.014109 0.01543220 -196.940
859 3.869907 1.045513 0.01418044 -207.702
860 3.869907 1.045513 0.01418044 -207.702
861 3.869907 1.045513 0.01418044 -207.702
862 3.929110 1.030418 0.01518581 -212.911
863 3.869907 1.045551 0.01418024 -207.712
864 3.869907 1.045551 0.01418024 -207.712
865 3.874338 1.027227 0.01476985 -192.575
866 3.874338 1.027227 0.01476985 -192.575
867 3.874338 1.027227 0.01476985 -192.575
868 3.874338 1.027227 0.01476999 -192.529
869 3.874338 1.027227 0.01476999 -192.531
870 3.874338 1.027227 0.01476999 -192.531
871 3.892375 1.001950 0.01522230 -206.018
872 3.580188 0.970564 0.01015800 -182.676
873 3.714943 0.948377 0.01280940 -204.434
874 3.714943 0.948376 0.01280945 -204.455
875 3.499300 0.998690 0.01126306 -191.712
876 3.714943 0.948376 0.01280945 -204.456
877 3.499300 0.998690 0.01126306 -191.712
878 3.499300 0.998690 0.01126289 -191.691
879 3.499300 0.998690 0.01126289 -191.691
880 3.499300 0.998690 0.01126289 -191.691
881 3.499300 0.998690 0.01126289 -191.690
882 3.372002 0.954756 0.00852810 -188.252
883 3.263963 0.971954 0.00723299 -185.702
884 3.263963 0.971954 0.00723299 -185.702
885 3.263963 0.971954 0.00723299 -185.702
886 3.103117 1.009532 0.00697245 -175.480
887 3.468417 0.997795 0.01031144 -190.713
888 3.103117 1.009532 0.00697250 -175.465
889 3.204502 0.938269 0.00628604 -174.556
890 3.204502 0.938269 0.00628604 -174.556
891 3.103117 1.009532 0.00697250 -175.465
892 3.204502 0.938269 0.00628604 -174.556
893 3.103117 1.009532 0.00697250 -175.465
894 3.103117 1.009532 0.00697250 -175.465
895 3.007550 1.014232 0.00556855 -174.311
896 2.732506 0.769569 0.00215342 -138.774
897 3.007550 1.014232 0.00556856 -174.297
898 3.007550 1.014232 0.00556856 -174.297
899 3.007550 1.014232 0.00556856 -174.297
900 3.007550 1.014232 0.00556856 -174.297
901 3.007550 1.014232 0.00556856 -174.297
902 3.064771 1.035884 0.00551189 -170.865
903 3.007550 1.014232 0.00556856 -174.297
904 3.064771 1.035884 0.00551189 -170.865
905 3.064771 1.035884 0.00551189 -170.865
906 3.064771 1.035884 0.00551189 -170.865
907 3.064771 1.035884 0.00551189 -170.865
908 3.007550 1.014232 0.00556856 -174.297
909 3.007550 1.014232 0.00556856 -174.297
910 3.007550 1.014232 0.00556856 -174.297
911 3.068883 1.029937 0.00621290 -164.767
912 3.068883 1.029993 0.00621306 -164.793
913 3.081360 1.078265 0.00711554 -177.200
914 3.081360 1.078265 0.00711554 -177.200
915 3.081360 1.078265 0.00711554 -177.200
916 3.068883 1.029993 0.00621306 -164.793
917 3.068883 1.029993 0.00621306 -164.793
918 3.081360 1.078265 0.00711554 -177.200
919 3.017290 0.538468 0.00398149 -168.683
920 3.081360 1.078293 0.00711552 -177.221
921 3.081360 1.078293 0.00711552 -177.221
922 3.017290 0.538468 0.00398149 -168.683
923 3.017290 0.538468 0.00398149 -168.683
924 3.017290 0.538468 0.00398149 -168.683
925 3.081360 1.078293 0.00711552 -177.221
926 3.081360 1.078293 0.00711552 -177.221
927 3.081360 1.078293 0.00711552 -177.221
928 3.017290 0.538468 0.00398149 -168.683
929 3.017290 0.538468 0.00398149 -168.683
930 3.017290 0.538468 0.00398149 -168.683
931 3.017290 0.538468 0.00398149 -168.683
932 3.017290 0.538468 0.00398149 -168.683
933 3.081360 1.078293 0.00711552 -177.221
934 3.036307 1.028684 0.00604943 -163.443
935 3.036307 1.028684 0.00604943 -163.443
936 3.081360 1.078293 0.00711552 -177.222
937 3.036307 1.028684 0.00604943 -163.443
938 3.081360 1.078293 0.00711552 -177.222
939 3.036307 1.028684 0.00604943 -163.443
940 3.036307 1.028684 0.00604943 -163.443
941 3.081360 1.078293 0.00711552 -177.222
942 3.081360 1.078293 0.00711552 -177.222
943 3.081360 1.078293 0.00711552 -177.222
944 3.081360 1.078293 0.00711552 -177.222
945 3.081360 1.078293 0.00711552 -177.222
946 3.081360 1.078293 0.00711552 -177.222
947 3.081360 1.078293 0.00711552 -177.222
948 3.081360 1.078293 0.00711552 -177.222
949 3.081360 1.078293 0.00711552 -177.222
950 3.081360 1.078293 0.00711552 -177.222
951 3.081360 1.078293 0.00711552 -177.222
952 3.081360 1.078293 0.00711552 -177.222
953 3.081360 1.078293 0.00711552 -177.222
954 3.081360 1.078293 0.00711552 -177.222
955 3.081360 1.078293 0.00711552 -177.222
956 3.081360 1.078293 0.00711552 -177.222
957 3.081360 1.078293 0.00711552 -177.222
958 3.081360 1.078293 0.00711552 -177.222
959 3.081360 1.078293 0.00711552 -177.222
960 3.081360 1.078293 0.00711552 -177.222
961 3.162067 1.072355 0.00827649 -172.005
962 3.081360 1.078293 0.00711552 -177.222
963 3.162067 1.072355 0.00827649 -172.005
964 3.162067 1.072369 0.00827673 -172.000
965 3.162067 1.072369 0.00827673 -172.000
966 2.900332 0.650905 0.00303202 -170.842
967 3.162067 1.072369 0.00827673 -172.000
968 3.162067 1.072369 0.00827673 -172.000
969 3.162067 1.072369 0.00827673 -172.000
970 2.900332 0.650905 0.00303202 -170.842
971 3.162067 1.072369 0.00827673 -172.000
972 2.900332 0.650905 0.00303202 -170.842
973 2.900332 0.650905 0.00303202 -170.842
974 2.900332 0.650905 0.00303202 -170.842
975 3.162067 1.072369 0.00827673 -172.000
976 2.900332 0.650905 0.00303202 -170.842
977 2.842099 0.180156 0.00202000 -142.294
978 2.842099 0.180156 0.00202000 -142.294
979 2.900332 0.650350 0.00303204 -170.798
980 2.900332 0.650350 0.00303204 -170.798
981 2.842099 0.180156 0.00202000 -142.294
982 2.900332 0.650350 0.00303204 -170.798
983 2.842099 0.180156 0.00202000 -142.294
984 2.842099 0.180156 0.00202000 -142.294
985 2.842099 0.180156 0.00202000 -142.294
986 2.900332 0.650350 0.00303204 -170.798
987 2.842099 0.180156 0.00202000 -142.294
988 2.900332 0.650350 0.00303204 -170.798
989 2.842099 0.180156 0.00202000 -142.294
990 2.816040 0.091829 0.00184881 -154.948
991 2.816040 0.091829 0.00184881 -154.948
992 2.842099 0.180156 0.00201994 -142.277
993 2.816040 0.091829 0.00184881 -154.948
994 2.816040 0.091829 0.00184881 -154.948
995 2.816040 0.091829 0.00184881 -154.948
996 2.842099 0.180156 0.00201994 -142.277
997 2.842099 0.180156 0.00201994 -142.277
998 2.816040 0.091829 0.00184881 -154.948
999 2.816040 0.091829 0.00184881 -154.948
